29
0 1 97
0 2 205
0 3 139
0 4 86
0 5 60
0 6 220
0 7 65
0 8 111
0 9 115
0 10 227
0 11 95
0 12 82
0 13 225
0 14 168
0 15 103
0 16 266
0 17 205
0 18 149
0 19 120
0 20 58
0 21 257
0 22 152
0 23 52
0 24 180
0 25 136
0 26 82
0 27 34
0 28 145
1 2 129
1 3 103
1 4 71
1 5 105
1 6 258
1 7 154
1 8 112
1 9 65
1 10 204
1 11 150
1 12 87
1 13 176
1 14 137
1 15 142
1 16 204
1 17 148
1 18 148
1 19 49
1 20 41
1 21 211
1 22 226
1 23 116
1 24 197
1 25 89
1 26 153
1 27 124
1 28 74
2 3 219
2 4 125
2 5 175
2 6 386
2 7 269
2 8 134
2 9 184
2 10 313
2 11 201
2 12 215
2 13 267
2 14 248
2 15 271
2 16 274
2 17 236
2 18 272
2 19 160
2 20 151
2 21 300
2 22 350
2 23 239
2 24 322
2 25 78
2 26 276
2 27 220
2 28 60
3 4 167
3 5 182
3 6 180
3 7 162
3 8 208
3 9 39
3 10 102
3 11 227
3 12 60
3 13 86
3 14 34
3 15 96
3 16 129
3 17 69
3 18 58
3 19 60
3 20 120
3 21 119
3 22 192
3 23 114
3 24 110
3 25 192
3 26 136
3 27 173
3 28 173
4 5 51
4 6 296
4 7 150
4 8 42
4 9 131
4 10 268
4 11 88
4 12 131
4 13 245
4 14 201
4 15 175
4 16 275
4 17 218
4 18 202
4 19 119
4 20 50
4 21 281
4 22 238
4 23 131
4 24 244
4 25 51
4 26 166
4 27 95
4 28 69
5 6 279
5 7 114
5 8 56
5 9 150
5 10 278
5 11 46
5 12 133
5 13 266
5 14 214
5 15 162
5 16 302
5 17 242
5 18 203
5 19 146
5 20 67
5 21 300
5 22 205
5 23 111
5 24 238
5 25 98
5 26 139
5 27 52
5 28 120
6 7 178
6 8 328
6 9 206
6 10 147
6 11 308
6 12 172
6 13 203
6 14 165
6 15 121
6 16 251
6 17 216
6 18 122
6 19 231
6 20 249
6 21 209
6 22 111
6 23 169
6 24 72
6 25 338
6 26 144
6 27 237
6 28 331
7 8 169
7 9 151
7 10 227
7 11 133
7 12 104
7 13 242
7 14 182
7 15 84
7 16 290
7 17 230
7 18 146
7 19 165
7 20 121
7 21 270
7 22 91
7 23 48
7 24 158
7 25 200
7 26 39
7 27 64
7 28 210
8 9 172
8 10 309
8 11 68
8 12 169
8 13 286
8 14 242
8 15 208
8 16 315
8 17 259
8 18 240
8 19 160
8 20 90
8 21 322
8 22 260
8 23 160
8 24 281
8 25 57
8 26 192
8 27 107
8 28 90
9 10 140
9 11 195
9 12 51
9 13 117
9 14 72
9 15 104
9 16 153
9 17 93
9 18 88
9 19 25
9 20 85
9 21 152
9 22 200
9 23 104
9 24 139
9 25 154
9 26 134
9 27 149
9 28 135
10 11 320
10 12 146
10 13 64
10 14 68
10 15 143
10 16 106
10 17 88
10 18 81
10 19 159
10 20 219
10 21 63
10 22 216
10 23 187
10 24 88
10 25 293
10 26 191
10 27 258
10 28 272
11 12 174
11 13 311
11 14 258
11 15 196
11 16 347
11 17 288
11 18 243
11 19 192
11 20 113
11 21 345
11 22 222
11 23 144
11 24 274
11 25 124
11 26 165
11 27 71
11 28 153
12 13 144
12 14 86
12 15 57
12 16 189
12 17 128
12 18 71
12 19 71
12 20 82
12 21 176
12 22 150
12 23 56
12 24 114
12 25 168
12 26 83
12 27 115
12 28 160
13 14 61
13 15 165
13 16 51
13 17 32
13 18 105
13 19 127
13 20 201
13 21 36
13 22 254
13 23 196
13 24 136
13 25 260
13 26 212
13 27 258
13 28 234
14 15 106
14 16 110
14 17 56
14 18 49
14 19 91
14 20 153
14 21 91
14 22 197
14 23 136
14 24 94
14 25 225
14 26 151
14 27 201
14 28 205
15 16 215
15 17 159
15 18 64
15 19 126
15 20 128
15 21 190
15 22 98
15 23 53
15 24 78
15 25 218
15 26 48
15 27 127
15 28 214
16 17 61
16 18 155
16 19 157
16 20 235
16 21 47
16 22 305
16 23 243
16 24 186
16 25 282
16 26 261
16 27 300
16 28 252
17 18 105
17 19 100
17 20 176
17 21 66
17 22 253
17 23 183
17 24 146
17 25 231
17 26 203
17 27 239
17 28 204
18 19 113
18 20 152
18 21 127
18 22 150
18 23 106
18 24 52
18 25 235
18 26 112
18 27 179
18 28 221
19 20 79
19 21 163
19 22 220
19 23 119
19 24 164
19 25 135
19 26 152
19 27 153
19 28 114
20 21 236
20 22 201
20 23 90
20 24 195
20 25 90
20 26 127
20 27 84
20 28 91
21 22 273
21 23 226
21 24 148
21 25 296
21 26 238
21 27 291
21 28 269
22 23 112
22 24 130
22 25 286
22 26 74
22 27 155
22 28 291
23 24 130
23 25 178
23 26 38
23 27 75
23 28 180
24 25 281
24 26 120
24 27 205
24 28 270
25 26 213
25 27 145
25 28 36
26 27 94
26 28 217
27 28 162
