31
0 0 0
0 1 3386
0 2 6602
0 3 5757
0 4 5544
0 5 4184
0 6 2994
0 7 5201
0 8 10928
0 9 13155
0 10 19349
0 11 10681
0 12 5810
0 13 6887
0 14 6517
0 15 5820
0 16 7995
0 17 7443
0 18 6210
0 19 516
0 20 2404
0 21 3950
0 22 6891
0 23 12708
0 24 11238
0 25 12129
0 26 10728
0 27 22300
0 28 23862
0 29 28078
0 30 25142
1 0 5204
1 1 0
1 2 5125
1 3 8604
1 4 4393
1 5 4506
1 6 5430
1 7 7637
1 8 13364
1 9 15591
1 10 21785
1 11 13117
1 12 8197
1 13 9274
1 14 8953
1 15 8256
1 16 10431
1 17 9879
1 18 8646
1 19 2953
1 20 1009
1 21 2923
1 22 7107
1 23 16470
1 24 13625
1 25 14516
1 26 13115
1 27 24736
1 28 26298
1 29 30514
1 30 25358
2 0 4898
2 1 5190
2 2 0
2 3 4236
2 4 618
2 5 2811
2 6 6610
2 7 8780
2 8 10493
2 9 11174
2 10 19007
2 11 11194
2 12 7148
2 13 6458
2 14 10096
2 15 9399
2 16 10153
2 17 10412
2 18 9789
2 19 5414
2 20 5468
2 21 3038
2 22 3295
2 23 11349
2 24 9879
2 25 10770
2 26 9369
2 27 22476
2 28 23570
2 29 26577
2 30 20990
3 0 5995
3 1 8294
3 2 5831
3 3 0
3 4 5137
3 5 5130
3 6 4077
3 7 7779
3 8 7557
3 9 8238
3 10 16071
3 11 8258
3 12 2753
3 13 3522
3 14 6655
3 15 7175
3 16 5903
3 17 7476
3 18 7238
3 19 6045
3 20 7933
3 21 6339
3 22 3813
3 23 8413
3 24 6943
3 25 7834
3 26 6433
3 27 19540
3 28 20634
3 29 23641
3 30 18055
4 0 5027
4 1 4571
4 2 1210
4 3 4365
4 4 0
4 5 2363
4 6 6739
4 7 8909
4 8 10622
4 9 11303
4 10 19136
4 11 11323
4 12 7277
4 13 6587
4 14 10225
4 15 9528
4 16 10282
4 17 10541
4 18 9918
4 19 5543
4 20 5423
4 21 2419
4 22 3424
4 23 11478
4 24 10008
4 25 10899
4 26 9498
4 27 22605
4 28 23699
4 29 26706
4 30 21119
5 0 3472
5 1 3771
5 2 2099
5 3 5254
5 4 1279
5 5 0
5 6 5239
5 7 7409
5 8 11511
5 9 12192
5 10 21557
5 11 12889
5 12 7824
5 13 7476
5 14 8725
5 15 8028
5 16 10254
5 17 9651
5 18 8418
5 19 3988
5 20 3264
5 21 2837
5 22 4133
5 23 12367
5 24 10897
5 25 11788
5 26 10387
5 27 23494
5 28 24588
5 29 27595
5 30 22008
6 0 2764
6 1 4953
6 2 7012
6 3 3872
6 4 6280
6 5 5080
6 6 0
6 7 2895
6 8 8622
6 9 10849
6 10 17043
6 11 8375
6 12 4300
6 13 5377
6 14 4211
6 15 3514
6 16 5689
6 17 5137
6 18 3904
6 19 2084
6 20 3971
6 21 4810
6 22 6855
6 23 11728
6 24 9728
6 25 10619
6 26 9218
6 27 19994
6 28 21556
6 29 25772
6 30 23630
7 0 5096
7 1 7285
7 2 9260
7 3 5585
7 4 8201
7 5 6842
7 6 2494
7 7 0
7 8 7116
7 9 9343
7 10 15537
7 11 6869
7 12 5329
7 13 6406
7 14 2705
7 15 2008
7 16 4183
7 17 3631
7 18 2398
7 19 4416
7 20 6303
7 21 7304
7 22 7828
7 23 10222
7 24 9713
7 25 10604
7 26 9203
7 27 18488
7 28 20050
7 29 24266
7 30 24603
8 0 10272
8 1 12461
8 2 11701
8 3 7736
8 4 11663
8 5 12018
8 6 7670
8 7 5178
8 8 0
8 9 1223
8 10 9647
8 11 979
8 12 6446
8 13 4941
8 14 4139
8 15 4574
8 16 2977
8 17 3086
8 18 4637
8 19 9592
8 20 11479
8 21 12480
8 22 8846
8 23 4331
8 24 5239
8 25 6130
8 26 4729
8 27 12597
8 28 14159
8 29 18375
8 30 21618
9 0 12739
9 1 14201
9 2 12346
9 3 8381
9 4 12308
9 5 13837
9 6 9410
9 7 6918
9 8 1294
9 9 0
9 10 10848
9 11 2180
9 12 8186
9 13 5586
9 14 5879
9 15 6314
9 16 4717
9 17 4826
9 18 6377
9 19 11332
9 20 13219
9 21 14548
9 22 9491
9 23 2108
9 24 2910
9 25 3801
9 26 2400
9 27 13798
9 28 15360
9 29 19576
9 30 15739
10 0 21578
10 1 22283
10 2 22560
10 3 17220
10 4 22522
10 5 22676
10 6 17492
10 7 15000
10 8 10485
10 9 10044
10 10 0
10 11 10262
10 12 16268
10 13 14425
10 14 13961
10 15 14396
10 16 12799
10 17 12908
10 18 14459
10 19 19414
10 20 21301
10 21 23387
10 22 18330
10 23 8021
10 24 10724
10 25 11615
10 26 10214
10 27 1787
10 28 6332
10 29 9770
10 30 12783
11 0 14008
11 1 14713
11 2 13615
11 3 9650
11 4 13577
11 5 15106
11 6 9922
11 7 7430
11 8 2915
11 9 2474
11 10 8668
11 11 0
11 12 8698
11 13 6855
11 14 6391
11 15 6826
11 16 5229
11 17 5338
11 18 6889
11 19 11844
11 20 13731
11 21 15817
11 22 10760
11 23 3353
11 24 6056
11 25 6947
11 26 5546
11 27 11619
11 28 13181
11 29 17397
11 30 17474
12 0 6621
12 1 9541
12 2 7946
12 3 2263
12 4 7252
12 5 7719
12 6 4601
12 7 5887
12 8 6032
12 9 6977
12 10 15401
12 11 6733
12 12 0
12 13 1077
12 14 4763
12 15 5283
12 16 3150
12 17 4441
12 18 5346
12 19 6671
12 20 8559
12 21 8430
12 22 5928
12 23 6899
12 24 5429
12 25 6320
12 26 4919
12 27 18026
12 28 19120
12 29 22127
12 30 20293
13 0 7153
13 1 10073
13 2 8478
13 3 2795
13 4 7784
13 5 8251
13 6 5133
13 7 6966
13 8 4955
13 9 5900
13 10 14324
13 11 5656
13 12 3079
13 13 0
13 14 5927
13 15 6362
13 16 3695
13 17 4874
13 18 6425
13 19 7203
13 20 9091
13 21 8962
13 22 6460
13 23 5822
13 24 4352
13 25 5243
13 26 3842
13 27 16949
13 28 18043
13 29 21050
13 30 19216
14 0 6724
14 1 8913
14 2 10888
14 3 5578
14 4 9829
14 5 8470
14 6 4122
14 7 1630
14 8 4405
14 9 6633
14 10 12827
14 11 4159
14 12 3316
14 13 4393
14 14 0
14 15 1026
14 16 1473
14 17 921
14 18 935
14 19 6044
14 20 7931
14 21 8932
14 22 9243
14 23 7512
14 24 7003
14 25 7894
14 26 6493
14 27 15778
14 28 17340
14 29 21556
14 30 23383
15 0 6600
15 1 8789
15 2 10764
15 3 6281
15 4 9705
15 5 8346
15 6 3998
15 7 1506
15 8 5108
15 9 7335
15 10 13530
15 11 4862
15 12 4019
15 13 5096
15 14 698
15 15 0
15 16 2176
15 17 1624
15 18 391
15 19 5920
15 20 7807
15 21 8808
15 22 9946
15 23 8214
15 24 7706
15 25 8597
15 26 7196
15 27 16480
15 28 18042
15 29 22258
15 30 24086
16 0 9134
16 1 10155
16 2 10093
16 3 4410
16 4 9399
16 5 10232
16 6 5364
16 7 2872
16 8 4209
16 9 6436
16 10 12630
16 11 3962
16 12 3380
16 13 2979
16 14 1833
16 15 2268
16 16 0
16 17 1353
16 18 2331
16 19 7286
16 20 9173
16 21 10943
16 22 8075
16 23 7315
16 24 5982
16 25 6873
16 26 5472
16 27 15581
16 28 17143
16 29 21359
16 30 21798
17 0 7404
17 1 9593
17 2 10675
17 3 4992
17 4 9981
17 5 9150
17 6 4802
17 7 2310
17 8 4291
17 9 6518
17 10 12712
17 11 4044
17 12 3206
17 13 3561
17 14 1271
17 15 1706
17 16 582
17 17 0
17 18 1769
17 19 6724
17 20 8611
17 21 9612
17 22 8657
17 23 7397
17 24 6563
17 25 7454
17 26 6053
17 27 15663
17 28 17225
17 29 21441
17 30 22380
18 0 7036
18 1 9225
18 2 11200
18 3 5890
18 4 10141
18 5 8782
18 6 4434
18 7 1942
18 8 4717
18 9 6945
18 10 13139
18 11 4471
18 12 3628
18 13 4705
18 14 307
18 15 1338
18 16 1785
18 17 1233
18 18 0
18 19 6356
18 20 8243
18 21 9244
18 22 9555
18 23 7823
18 24 7315
18 25 8206
18 26 6805
18 27 16089
18 28 17651
18 29 21867
18 30 23695
19 0 2933
19 1 5122
19 2 8178
19 3 5192
19 4 7446
19 5 7458
19 6 2478
19 7 4685
19 8 10412
19 9 12639
19 10 18833
19 11 10165
19 12 5245
19 13 6322
19 14 6001
19 15 5304
19 16 7479
19 17 6927
19 18 5694
19 19 0
19 20 4141
19 21 5976
19 22 7272
19 23 13518
19 24 10673
19 25 11564
19 26 10163
19 27 21784
19 28 23346
19 29 27562
19 30 23189
20 0 2982
20 1 1218
20 2 5841
20 3 7627
20 4 4783
20 5 3423
20 6 4421
20 7 6628
20 8 12355
20 9 14582
20 10 20776
20 11 12108
20 12 7188
20 13 8265
20 14 7944
20 15 7247
20 16 9422
20 17 8870
20 18 7637
20 19 1944
20 20 0
20 21 3189
20 22 6130
20 23 15461
20 24 12616
20 25 13507
20 26 12106
20 27 23727
20 28 25289
20 29 29505
20 30 24381
21 0 5510
21 1 3032
21 2 2201
21 3 5444
21 4 1469
21 5 1582
21 6 5524
21 7 8120
21 8 11701
21 9 12382
21 10 20215
21 11 12402
21 12 9861
21 13 7666
21 14 9436
21 15 8739
21 16 11361
21 17 11620
21 18 9129
21 19 6056
21 20 3975
21 21 0
21 22 4503
21 23 12557
21 24 11087
21 25 11978
21 26 10577
21 27 23684
21 28 24778
21 29 27785
21 30 22198
22 0 5747
22 1 6824
22 2 3490
22 3 3926
22 4 2796
22 5 3660
22 6 5996
22 7 8166
22 8 8641
22 9 9322
22 10 17155
22 11 9342
22 12 6534
22 13 4606
22 14 9482
22 15 8785
22 16 8301
22 17 8560
22 18 9175
22 19 6263
22 20 6317
22 21 5367
22 22 0
22 23 9497
22 24 8027
22 25 8918
22 26 7517
22 27 20624
22 28 21718
22 29 24725
22 30 20225
23 0 14604
23 1 15309
23 2 15026
23 3 10246
23 4 14988
23 5 15702
23 6 10518
23 7 8026
23 8 3511
23 9 3071
23 10 7658
23 11 3288
23 12 9294
23 13 7451
23 14 6987
23 15 7422
23 16 5825
23 17 5934
23 18 7485
23 19 12440
23 20 14327
23 21 16413
23 22 11356
23 23 0
23 24 2703
23 25 3594
23 26 2193
23 27 10609
23 28 12171
23 29 16387
23 30 15532
24 0 13583
24 1 16503
24 2 14028
24 3 9225
24 4 13990
24 5 14681
24 6 11253
24 7 8761
24 8 3295
24 9 2362
24 10 10195
24 11 4023
24 12 10029
24 13 6430
24 14 7722
24 15 8157
24 16 6560
24 17 6669
24 18 8220
24 19 13633
24 20 15521
24 21 15392
24 22 11537
24 23 2537
24 24 0
24 25 892
24 26 509
24 27 14196
24 28 15290
24 29 18297
24 30 14534
25 0 14475
25 1 17395
25 2 14920
25 3 10117
25 4 14882
25 5 15573
25 6 12145
25 7 9653
25 8 4187
25 9 3254
25 10 11087
25 11 4915
25 12 10921
25 13 7322
25 14 8614
25 15 9049
25 16 7452
25 17 7561
25 18 9112
25 19 14525
25 20 16413
25 21 16284
25 22 12429
25 23 3429
25 24 892
25 25 0
25 26 1401
25 27 15088
25 28 16182
25 29 19189
25 30 15426
26 0 13074
26 1 15994
26 2 13519
26 3 8716
26 4 13481
26 5 14172
26 6 10744
26 7 8252
26 8 2786
26 9 1853
26 10 9686
26 11 3514
26 12 9520
26 13 5921
26 14 7213
26 15 7648
26 16 6051
26 17 6160
26 18 7711
26 19 13124
26 20 15012
26 21 14883
26 22 11028
26 23 2028
26 24 509
26 25 1401
26 26 0
26 27 13687
26 28 14781
26 29 17788
26 30 14025
27 0 22451
27 1 23156
27 2 23433
27 3 18093
27 4 23395
27 5 23549
27 6 18365
27 7 15873
27 8 11358
27 9 10917
27 10 2167
27 11 11135
27 12 17141
27 13 15298
27 14 14834
27 15 15269
27 16 13672
27 17 13781
27 18 15332
27 19 20287
27 20 22174
27 21 24260
27 22 19203
27 23 8894
27 24 11597
27 25 12488
27 26 11087
27 27 0
27 28 6374
27 29 9144
27 30 12156
28 0 25526
28 1 26231
28 2 26315
28 3 21168
28 4 26277
28 5 27414
28 6 21440
28 7 18948
28 8 14433
28 9 13992
28 10 6260
28 11 14210
28 12 20216
28 13 18373
28 14 17909
28 15 18344
28 16 16747
28 17 16856
28 18 18407
28 19 23362
28 20 25249
28 21 27335
28 22 23824
28 23 11969
28 24 14672
28 25 15563
28 26 14162
28 27 7084
28 28 0
28 29 8347
28 30 12958
29 0 28279
29 1 31199
29 2 27535
29 3 23921
29 4 27497
29 5 28634
29 6 25974
29 7 23482
29 8 18967
29 9 18526
29 10 9777
29 11 18744
29 12 24750
29 13 21126
29 14 22443
29 15 22878
29 16 21281
29 17 21390
29 18 22941
29 19 28329
29 20 30217
29 21 30088
29 22 25044
29 23 16503
29 24 19206
29 25 20097
29 26 18696
29 27 8064
29 28 9296
29 29 0
29 30 12973
30 0 23896
30 1 25702
30 2 23027
30 3 20683
30 4 22484
30 5 22538
30 6 23423
30 7 24336
30 8 16382
30 9 15941
30 10 13351
30 11 16159
30 12 21369
30 13 18290
30 14 23297
30 15 23732
30 16 21985
30 17 22244
30 18 23795
30 19 24412
30 20 25195
30 21 24085
30 22 18948
30 23 13917
30 24 15085
30 25 15976
30 26 14575
30 27 11638
30 28 12870
30 29 13247
30 30 0