51
0 0 0
0 1 3386
0 2 6602
0 3 5757
0 4 5544
0 5 4184
0 6 2994
0 7 5201
0 8 10928
0 9 13155
0 10 19349
0 11 10681
0 12 5810
0 13 6887
0 14 6517
0 15 5820
0 16 7995
0 17 7443
0 18 6210
0 19 516
0 20 2404
0 21 3950
0 22 6891
0 23 12708
0 24 11238
0 25 12129
0 26 10729
0 27 22300
0 28 23862
0 29 28078
0 30 25142
0 31 3754
0 32 5432
0 33 8639
0 34 20032
0 35 17050
0 36 14499
0 37 12862
0 38 27910
0 39 37822
0 40 35139
0 41 26202
0 42 24817
0 43 20144
0 44 26754
0 45 27189
0 46 24766
0 47 17901
0 48 17643
0 49 10919
0 50 12535
1 0 5204
1 1 0
1 2 5125
1 3 8604
1 4 4393
1 5 4506
1 6 5430
1 7 7637
1 8 13364
1 9 15591
1 10 21785
1 11 13117
1 12 8197
1 13 9274
1 14 8953
1 15 8256
1 16 10431
1 17 9879
1 18 8646
1 19 2953
1 20 1009
1 21 2923
1 22 7107
1 23 16470
1 24 13625
1 25 14516
1 26 13116
1 27 24736
1 28 26298
1 29 30514
1 30 25358
1 31 728
1 32 3472
1 33 7294
1 34 20248
1 35 15705
1 36 13154
1 37 11517
1 38 28126
1 39 40258
1 40 35355
1 41 28638
1 42 27253
1 43 23003
1 44 26970
1 45 27405
1 46 27202
1 47 20288
1 48 20030
1 49 10689
1 50 11190
2 0 4898
2 1 5190
2 2 0
2 3 4236
2 4 618
2 5 2811
2 6 6610
2 7 8780
2 8 10493
2 9 11174
2 10 19007
2 11 11194
2 12 7148
2 13 6458
2 14 10096
2 15 9399
2 16 10153
2 17 10412
2 18 9789
2 19 5414
2 20 5468
2 21 3038
2 22 3295
2 23 11349
2 24 9879
2 25 10770
2 26 9370
2 27 22476
2 28 23570
2 29 26577
2 30 20990
2 31 4637
2 32 3971
2 33 3792
2 34 15880
2 35 12203
2 36 9652
2 37 8015
2 38 23758
2 39 36321
2 40 30987
2 41 23035
2 42 21650
2 43 18635
2 44 22602
2 45 23037
2 46 21599
2 47 16542
2 48 16284
2 49 6073
2 50 7688
3 0 5995
3 1 8294
3 2 5831
3 3 0
3 4 5137
3 5 5130
3 6 4077
3 7 7779
3 8 7557
3 9 8238
3 10 16071
3 11 8258
3 12 2753
3 13 3522
3 14 6740
3 15 7175
3 16 5903
3 17 6638
3 18 7238
3 19 6045
3 20 7933
3 21 6339
3 22 3813
3 23 8413
3 24 6943
3 25 7834
3 26 6434
3 27 19540
3 28 20634
3 29 23641
3 30 18055
3 31 7521
3 32 7708
3 33 6287
3 34 12945
3 35 15510
3 36 12147
3 37 9777
3 38 20823
3 39 33385
3 40 28052
3 41 20099
3 42 18714
3 43 15700
3 44 19667
3 45 20102
3 46 18663
3 47 13606
3 48 13348
3 49 7212
3 50 10183
4 0 5027
4 1 4571
4 2 1210
4 3 4365
4 4 0
4 5 2363
4 6 6739
4 7 8909
4 8 10622
4 9 11303
4 10 19136
4 11 11323
4 12 7277
4 13 6587
4 14 10225
4 15 9528
4 16 10282
4 17 10541
4 18 9918
4 19 5543
4 20 5423
4 21 2419
4 22 3424
4 23 11478
4 24 10008
4 25 10899
4 26 9499
4 27 22605
4 28 23699
4 29 26706
4 30 21119
4 31 4018
4 32 3352
4 33 3921
4 34 16009
4 35 12332
4 36 9781
4 37 8144
4 38 23887
4 39 36450
4 40 31116
4 41 23164
4 42 21779
4 43 18764
4 44 22731
4 45 23166
4 46 21728
4 47 16671
4 48 16413
4 49 6202
4 50 7817
5 0 3472
5 1 3771
5 2 2099
5 3 5254
5 4 1279
5 5 0
5 6 5239
5 7 7409
5 8 11511
5 9 12192
5 10 21557
5 11 12889
5 12 7824
5 13 7476
5 14 8725
5 15 8028
5 16 10254
5 17 9651
5 18 8418
5 19 3988
5 20 3264
5 21 2837
5 22 4133
5 23 12367
5 24 10897
5 25 11788
5 26 10388
5 27 23494
5 28 24588
5 29 27595
5 30 22008
5 31 3716
5 32 3656
5 33 4810
5 34 16898
5 35 13221
5 36 10670
5 37 9033
5 38 24776
5 39 37339
5 40 32005
5 41 24053
5 42 22668
5 43 19653
5 44 23620
5 45 24055
5 46 22617
5 47 17560
5 48 17302
5 49 7091
5 50 8706
6 0 2764
6 1 4953
6 2 7012
6 3 3872
6 4 6280
6 5 5080
6 6 0
6 7 2895
6 8 8622
6 9 10849
6 10 17043
6 11 8375
6 12 4300
6 13 5377
6 14 4211
6 15 3514
6 16 5689
6 17 5137
6 18 3904
6 19 2084
6 20 3971
6 21 4810
6 22 6855
6 23 11728
6 24 9728
6 25 10619
6 26 9219
6 27 19994
6 28 21556
6 29 25772
6 30 23630
6 31 5318
6 32 5366
6 33 8802
6 34 18520
6 35 17213
6 36 14662
6 37 13025
6 38 26398
6 39 35516
6 40 33627
6 41 23896
6 42 22511
6 43 18634
6 44 25242
6 45 25677
6 46 22460
6 47 16391
6 48 16133
6 49 11083
6 50 12698
7 0 5096
7 1 7285
7 2 9260
7 3 5585
7 4 8201
7 5 6842
7 6 2494
7 7 0
7 8 7116
7 9 9343
7 10 15537
7 11 6869
7 12 5329
7 13 6406
7 14 2705
7 15 2008
7 16 4183
7 17 3631
7 18 2398
7 19 4416
7 20 6303
7 21 7304
7 22 7828
7 23 10222
7 24 9713
7 25 10604
7 26 9204
7 27 18488
7 28 20050
7 29 24266
7 30 24603
7 31 7812
7 32 7860
7 33 10564
7 34 19493
7 35 18975
7 36 16424
7 37 14787
7 38 27371
7 39 34010
7 40 34600
7 41 22390
7 42 21005
7 43 18619
7 44 26215
7 45 26650
7 46 20954
7 47 16375
7 48 16118
7 49 12845
7 50 14460
8 0 10272
8 1 12461
8 2 11701
8 3 7736
8 4 11663
8 5 12018
8 6 7670
8 7 5178
8 8 0
8 9 1223
8 10 9647
8 11 979
8 12 6446
8 13 4941
8 14 4139
8 15 4574
8 16 2977
8 17 3086
8 18 4637
8 19 9592
8 20 11479
8 21 12480
8 22 8846
8 23 4331
8 24 5239
8 25 6130
8 26 4730
8 27 12597
8 28 14159
8 29 18375
8 30 21618
8 31 12988
8 32 13036
8 33 12524
8 34 16508
8 35 19073
8 36 16136
8 37 12611
8 38 24386
8 39 28119
8 40 31615
8 41 16499
8 42 15114
8 43 14145
8 44 23230
8 45 19750
8 46 15063
8 47 11901
8 48 11644
8 49 10047
8 50 14172
9 0 12739
9 1 14201
9 2 12346
9 3 8381
9 4 12308
9 5 13837
9 6 9410
9 7 6918
9 8 1294
9 9 0
9 10 10848
9 11 2180
9 12 8186
9 13 5586
9 14 5879
9 15 6314
9 16 4717
9 17 4826
9 18 6377
9 19 11332
9 20 13219
9 21 14548
9 22 9491
9 23 2108
9 24 2913
9 25 3804
9 26 2404
9 27 13798
9 28 15360
9 29 19576
9 30 15742
9 31 14728
9 32 15917
9 33 13169
9 34 17153
9 35 19718
9 36 16781
9 37 13256
9 38 25031
9 39 29320
9 40 32260
9 41 15963
9 42 14578
9 43 11713
9 44 17354
9 45 19214
9 46 14527
9 47 9470
9 48 9212
9 49 10692
9 50 14817
10 0 21578
10 1 22283
10 2 22560
10 3 17220
10 4 22522
10 5 22676
10 6 17492
10 7 15000
10 8 10485
10 9 10044
10 10 0
10 11 10262
10 12 16268
10 13 14425
10 14 13961
10 15 14396
10 16 12799
10 17 12908
10 18 14459
10 19 19414
10 20 21301
10 21 23387
10 22 18330
10 23 8021
10 24 10724
10 25 11615
10 26 10215
10 27 1787
10 28 6332
10 29 9770
10 30 12783
10 31 22810
10 32 24756
10 33 22008
10 34 16240
10 35 21597
10 36 25620
10 37 22095
10 38 25817
10 39 19514
10 40 27500
10 41 7895
10 42 6510
10 43 14121
10 44 14085
10 45 11146
10 46 6459
10 47 6454
10 48 7581
10 49 19531
10 50 23656
11 0 14008
11 1 14713
11 2 13615
11 3 9650
11 4 13577
11 5 15106
11 6 9922
11 7 7430
11 8 2915
11 9 2474
11 10 8668
11 11 0
11 12 8698
11 13 6855
11 14 6391
11 15 6826
11 16 5229
11 17 5338
11 18 6889
11 19 11844
11 20 13731
11 21 15817
11 22 10760
11 23 3353
11 24 6056
11 25 6947
11 26 5547
11 27 11619
11 28 13181
11 29 17397
11 30 17474
11 31 15240
11 32 17186
11 33 14438
11 34 18422
11 35 20987
11 36 18050
11 37 14525
11 38 26300
11 39 27141
11 40 33529
11 41 15521
11 42 14136
11 43 13445
11 44 19086
11 45 18772
11 46 14085
11 47 9049
11 48 11054
11 49 11961
11 50 16086
12 0 6621
12 1 9541
12 2 7946
12 3 2263
12 4 7252
12 5 7719
12 6 4601
12 7 5887
12 8 6032
12 9 6977
12 10 15401
12 11 6733
12 12 0
12 13 1077
12 14 4848
12 15 5283
12 16 3150
12 17 4441
12 18 5346
12 19 6671
12 20 8559
12 21 8430
12 22 5928
12 23 6899
12 24 5429
12 25 6320
12 26 4920
12 27 18026
12 28 19120
12 29 22127
12 30 20293
12 31 10264
12 32 9799
12 33 8402
12 34 15183
12 35 17748
12 36 16326
12 37 12801
12 38 23061
12 39 31871
12 40 30290
12 41 18585
12 42 17200
12 43 14335
12 44 21905
12 45 22340
12 46 17149
12 47 12092
12 48 11834
12 49 10237
12 50 14362
13 0 7153
13 1 10073
13 2 8478
13 3 2795
13 4 7784
13 5 8251
13 6 5133
13 7 6966
13 8 4955
13 9 5900
13 10 14324
13 11 5656
13 12 3079
13 13 0
13 14 5927
13 15 6362
13 16 3695
13 17 4874
13 18 6425
13 19 7203
13 20 9091
13 21 8962
13 22 6460
13 23 5822
13 24 4352
13 25 5243
13 26 3843
13 27 16949
13 28 18043
13 29 21050
13 30 19216
13 31 10796
13 32 10331
13 33 8934
13 34 14106
13 35 16671
13 36 15249
13 37 11724
13 38 21984
13 39 30794
13 40 29213
13 41 17508
13 42 16123
13 43 13258
13 44 20828
13 45 21263
13 46 16072
13 47 11015
13 48 10757
13 49 9160
13 50 13285
14 0 6724
14 1 8913
14 2 10888
14 3 5578
14 4 9829
14 5 8470
14 6 4122
14 7 1630
14 8 4405
14 9 6633
14 10 12827
14 11 4159
14 12 3316
14 13 4393
14 14 0
14 15 1026
14 16 1473
14 17 921
14 18 935
14 19 6044
14 20 7931
14 21 8932
14 22 9243
14 23 7512
14 24 7003
14 25 7894
14 26 6494
14 27 15778
14 28 17340
14 29 21556
14 30 23383
14 31 9440
14 32 9488
14 33 12192
14 34 18273
14 35 20838
14 36 17900
14 37 14375
14 38 26151
14 39 31300
14 40 33380
14 41 19680
14 42 18295
14 43 15909
14 44 24995
14 45 22931
14 46 18244
14 47 13665
14 48 13408
14 49 11811
14 50 15936
15 0 6600
15 1 8789
15 2 10764
15 3 6281
15 4 9705
15 5 8346
15 6 3998
15 7 1506
15 8 5108
15 9 7335
15 10 13530
15 11 4862
15 12 4019
15 13 5096
15 14 698
15 15 0
15 16 2176
15 17 1624
15 18 391
15 19 5920
15 20 7807
15 21 8808
15 22 9946
15 23 8214
15 24 7706
15 25 8597
15 26 7197
15 27 16480
15 28 18042
15 29 22258
15 30 24086
15 31 9316
15 32 9364
15 33 12068
15 34 18976
15 35 21541
15 36 18603
15 37 15078
15 38 26854
15 39 32002
15 40 34083
15 41 20382
15 42 18997
15 43 16612
15 44 25698
15 45 23633
15 46 18946
15 47 14368
15 48 14111
15 49 12514
15 50 16639
16 0 9134
16 1 10155
16 2 10093
16 3 4410
16 4 9399
16 5 10232
16 6 5364
16 7 2872
16 8 4209
16 9 6436
16 10 12630
16 11 3962
16 12 3380
16 13 2979
16 14 1833
16 15 2268
16 16 0
16 17 1353
16 18 2331
16 19 7286
16 20 9173
16 21 10943
16 22 8075
16 23 7315
16 24 5982
16 25 6873
16 26 5473
16 27 15581
16 28 17143
16 29 21359
16 30 21798
16 31 10682
16 32 12312
16 33 10549
16 34 16688
16 35 19253
16 36 16879
16 37 13354
16 38 24566
16 39 31103
16 40 31795
16 41 19483
16 42 18098
16 43 14888
16 44 23410
16 45 23845
16 46 18047
16 47 12644
16 48 12387
16 49 10790
16 50 14915
17 0 7404
17 1 9593
17 2 10675
17 3 4992
17 4 9981
17 5 9150
17 6 4802
17 7 2310
17 8 4291
17 9 6518
17 10 12712
17 11 4044
17 12 3206
17 13 3561
17 14 1271
17 15 1706
17 16 582
17 17 0
17 18 1769
17 19 6724
17 20 8611
17 21 9612
17 22 8657
17 23 7397
17 24 6563
17 25 7454
17 26 6054
17 27 15663
17 28 17225
17 29 21441
17 30 22380
17 31 10120
17 32 10168
17 33 11131
17 34 17270
17 35 19835
17 36 17460
17 37 13935
17 38 25148
17 39 31185
17 40 32377
17 41 19565
17 42 18180
17 43 15469
17 44 23992
17 45 24427
17 46 18129
17 47 13225
17 48 12968
17 49 11371
17 50 15496
18 0 7036
18 1 9225
18 2 11200
18 3 5890
18 4 10141
18 5 8782
18 6 4434
18 7 1942
18 8 4717
18 9 6945
18 10 13139
18 11 4471
18 12 3628
18 13 4705
18 14 307
18 15 1338
18 16 1785
18 17 1233
18 18 0
18 19 6356
18 20 8243
18 21 9244
18 22 9555
18 23 7823
18 24 7315
18 25 8206
18 26 6806
18 27 16089
18 28 17651
18 29 21867
18 30 23695
18 31 9752
18 32 9800
18 33 12504
18 34 18585
18 35 21150
18 36 18212
18 37 14687
18 38 26463
18 39 31611
18 40 33692
18 41 19991
18 42 18606
18 43 16221
18 44 25307
18 45 23242
18 46 18555
18 47 13977
18 48 13720
18 49 12123
18 50 16248
19 0 2933
19 1 5122
19 2 8178
19 3 5192
19 4 7446
19 5 7458
19 6 2478
19 7 4685
19 8 10412
19 9 12639
19 10 18833
19 11 10165
19 12 5245
19 13 6322
19 14 6001
19 15 5304
19 16 7479
19 17 6927
19 18 5694
19 19 0
19 20 4141
19 21 5976
19 22 7272
19 23 13518
19 24 10673
19 25 11564
19 26 10164
19 27 21784
19 28 23346
19 29 27562
19 30 23189
19 31 5490
19 32 7345
19 33 10008
19 34 18079
19 35 18419
19 36 15868
19 37 14231
19 38 25957
19 39 37306
19 40 33186
19 41 25686
19 42 24301
19 43 19579
19 44 24801
19 45 25236
19 46 24250
19 47 17336
19 48 17078
19 49 12289
19 50 13904
20 0 2982
20 1 1218
20 2 5841
20 3 7627
20 4 4783
20 5 3423
20 6 4421
20 7 6628
20 8 12355
20 9 14582
20 10 20776
20 11 12108
20 12 7188
20 13 8265
20 14 7944
20 15 7247
20 16 9422
20 17 8870
20 18 7637
20 19 1944
20 20 0
20 21 3189
20 22 6130
20 23 15461
20 24 12616
20 25 13507
20 26 12107
20 27 23727
20 28 25289
20 29 29505
20 30 24381
20 31 1586
20 32 4671
20 33 7878
20 34 19271
20 35 16289
20 36 13738
20 37 12101
20 38 27149
20 39 39249
20 40 34378
20 41 27629
20 42 26244
20 43 22026
20 44 25993
20 45 26428
20 46 26193
20 47 19279
20 48 19021
20 49 10158
20 50 11774
21 0 5510
21 1 3032
21 2 2201
21 3 5444
21 4 1469
21 5 1582
21 6 5524
21 7 8120
21 8 11701
21 9 12382
21 10 20215
21 11 12402
21 12 9861
21 13 7666
21 14 9436
21 15 8739
21 16 11361
21 17 11620
21 18 9129
21 19 6056
21 20 3975
21 21 0
21 22 4503
21 23 12557
21 24 11087
21 25 11978
21 26 10578
21 27 23684
21 28 24778
21 29 27785
21 30 22198
21 31 2479
21 32 1813
21 33 4371
21 34 17088
21 35 12782
21 36 10231
21 37 8594
21 38 24966
21 39 37529
21 40 32195
21 41 24243
21 42 22858
21 43 19843
21 44 23810
21 45 24245
21 46 22807
21 47 17750
21 48 17492
21 49 7766
21 50 8267
22 0 5747
22 1 6824
22 2 3490
22 3 3926
22 4 2796
22 5 3660
22 6 5996
22 7 8166
22 8 8641
22 9 9322
22 10 17155
22 11 9342
22 12 6534
22 13 4606
22 14 9482
22 15 8785
22 16 8301
22 17 8560
22 18 9175
22 19 6263
22 20 6317
22 21 5367
22 22 0
22 23 9497
22 24 8027
22 25 8918
22 26 7518
22 27 20624
22 28 21718
22 29 24725
22 30 20225
22 31 6769
22 32 6709
22 33 3401
22 34 15115
22 35 11812
22 36 9261
22 37 7624
22 38 22993
22 39 34469
22 40 30222
22 41 21183
22 42 19798
22 43 14634
22 44 21837
22 45 22272
22 46 19747
22 47 14690
22 48 14432
22 49 5427
22 50 7297
23 0 14604
23 1 15309
23 2 15026
23 3 10246
23 4 14988
23 5 15702
23 6 10518
23 7 8026
23 8 3511
23 9 3071
23 10 7658
23 11 3288
23 12 9294
23 13 7451
23 14 6987
23 15 7422
23 16 5825
23 17 5934
23 18 7485
23 19 12440
23 20 14327
23 21 16413
23 22 11356
23 23 0
23 24 2703
23 25 3594
23 26 2194
23 27 10609
23 28 12171
23 29 16387
23 30 15532
23 31 15836
23 32 17782
23 33 14586
23 34 13622
23 35 21583
23 36 18203
23 37 14678
23 38 26896
23 39 26131
23 40 34125
23 41 14511
23 42 13126
23 43 11503
23 44 17144
23 45 17762
23 46 13075
23 47 9260
23 48 9002
23 49 12114
23 50 16239
24 0 13583
24 1 16503
24 2 14028
24 3 9225
24 4 13990
24 5 14681
24 6 11253
24 7 8761
24 8 3295
24 9 2362
24 10 10195
24 11 4023
24 12 10029
24 13 6430
24 14 7722
24 15 8157
24 16 6560
24 17 6669
24 18 8220
24 19 13633
24 20 15521
24 21 15392
24 22 11537
24 23 2537
24 24 0
24 25 892
24 26 509
24 27 14196
24 28 15290
24 29 18297
24 30 14534
24 31 17226
24 32 16761
24 33 13588
24 34 12624
24 35 18578
24 36 17205
24 37 13680
24 38 24984
24 39 28041
24 40 32212
24 41 14755
24 42 13370
24 43 10505
24 44 16146
24 45 18006
24 46 13319
24 47 8262
24 48 8004
24 49 11116
24 50 15241
25 0 14475
25 1 17395
25 2 14920
25 3 10117
25 4 14882
25 5 15573
25 6 12145
25 7 9653
25 8 4187
25 9 3254
25 10 11087
25 11 4915
25 12 10921
25 13 7322
25 14 8614
25 15 9049
25 16 7452
25 17 7561
25 18 9112
25 19 14525
25 20 16413
25 21 16284
25 22 12429
25 23 3429
25 24 892
25 25 0
25 26 1401
25 27 15088
25 28 16182
25 29 19189
25 30 15426
25 31 18118
25 32 17653
25 33 14480
25 34 13516
25 35 19470
25 36 18097
25 37 14572
25 38 25876
25 39 28933
25 40 33104
25 41 15647
25 42 14262
25 43 11397
25 44 17038
25 45 18898
25 46 14211
25 47 9154
25 48 8896
25 49 12008
25 50 16133
26 0 13074
26 1 15994
26 2 13519
26 3 8716
26 4 13481
26 5 14172
26 6 10744
26 7 8252
26 8 2786
26 9 1853
26 10 9686
26 11 3514
26 12 9520
26 13 5921
26 14 7213
26 15 7648
26 16 6051
26 17 6160
26 18 7711
26 19 13124
26 20 15012
26 21 14883
26 22 11028
26 23 2028
26 24 509
26 25 1401
26 26 0
26 27 13687
26 28 14781
26 29 17788
26 30 14025
26 31 16717
26 32 16252
26 33 13079
26 34 12115
26 35 18069
26 36 16696
26 37 13171
26 38 24475
26 39 27532
26 40 31703
26 41 14246
26 42 12861
26 43 9996
26 44 15637
26 45 17497
26 46 12810
26 47 7753
26 48 7495
26 49 10607
26 50 14732
27 0 22451
27 1 23156
27 2 23433
27 3 18093
27 4 23395
27 5 23549
27 6 18365
27 7 15873
27 8 11358
27 9 10917
27 10 2167
27 11 11135
27 12 17141
27 13 15298
27 14 14834
27 15 15269
27 16 13672
27 17 13781
27 18 15332
27 19 20287
27 20 22174
27 21 24260
27 22 19203
27 23 8894
27 24 11597
27 25 12488
27 26 11088
27 27 0
27 28 6374
27 29 9144
27 30 12156
27 31 23683
27 32 25629
27 33 22881
27 34 17113
27 35 22470
27 36 26493
27 37 22968
27 38 26690
27 39 18888
27 40 26874
27 41 7268
27 42 5883
27 43 14994
27 44 13458
27 45 10519
27 46 5832
27 47 8695
27 48 10358
27 49 20404
27 50 24529
28 0 25526
28 1 26231
28 2 26315
28 3 21168
28 4 26277
28 5 27414
28 6 21440
28 7 18948
28 8 14433
28 9 13992
28 10 6260
28 11 14210
28 12 20216
28 13 18373
28 14 17909
28 15 18344
28 16 16747
28 17 16856
28 18 18407
28 19 23362
28 20 25249
28 21 27335
28 22 23824
28 23 11969
28 24 14672
28 25 15563
28 26 14163
28 27 7084
28 28 0
28 29 8347
28 30 12958
28 31 26758
28 32 28704
28 33 25875
28 34 20102
28 35 25459
28 36 29492
28 37 25967
28 38 26157
28 39 18091
28 40 26077
28 41 8747
28 42 6685
28 43 15200
28 44 14260
28 45 11321
28 46 6634
28 47 11771
28 48 11160
28 49 23403
28 50 27528
29 0 28279
29 1 31199
29 2 27535
29 3 23921
29 4 27497
29 5 28634
29 6 25974
29 7 23482
29 8 18967
29 9 18526
29 10 9777
29 11 18744
29 12 24750
29 13 21126
29 14 22443
29 15 22878
29 16 21281
29 17 21390
29 18 22941
29 19 28329
29 20 30217
29 21 30088
29 22 25044
29 23 16503
29 24 19206
29 25 20097
29 26 18697
29 27 8064
29 28 9296
29 29 0
29 30 12973
29 31 31922
29 32 31457
29 33 27095
29 34 17211
29 35 26493
29 36 30712
29 37 27187
29 38 28702
29 39 11253
29 40 22839
29 41 5509
29 42 7015
29 43 16070
29 44 14275
29 45 11336
29 46 7854
29 47 16302
29 48 12380
29 49 24623
29 50 28748
30 0 23896
30 1 25702
30 2 23027
30 3 20683
30 4 22484
30 5 22538
30 6 23423
30 7 24336
30 8 16382
30 9 15941
30 10 13351
30 11 16159
30 12 21369
30 13 18290
30 14 23297
30 15 23732
30 16 21985
30 17 22244
30 18 23795
30 19 24412
30 20 25195
30 21 24085
30 22 18948
30 23 13917
30 24 15085
30 25 15976
30 26 14576
30 27 11638
30 28 12870
30 29 13247
30 30 0
30 31 25647
30 32 25454
30 33 19699
30 34 4238
30 35 12492
30 36 22087
30 37 18562
30 38 13199
30 39 22991
30 40 20784
30 41 7881
30 42 6486
30 43 4733
30 44 1612
30 45 3347
30 46 7253
30 47 12002
30 48 8468
30 49 15997
30 50 20123
31 0 4652
31 1 738
31 2 4780
31 3 8048
31 4 4048
31 5 3844
31 6 5762
31 7 8029
31 8 13756
31 9 15979
31 10 22177
31 11 13509
31 12 9003
31 13 10080
31 14 9345
31 15 8648
31 16 11433
31 17 10271
31 18 9038
31 19 3345
31 20 1401
31 21 2578
31 22 6551
31 23 15161
31 24 13691
31 25 14582
31 26 13182
31 27 25128
31 28 26690
31 29 30906
31 30 24802
31 31 0
31 32 3127
31 33 6949
31 34 19692
31 35 15360
31 36 12809
31 37 11172
31 38 27570
31 39 40650
31 40 34799
31 41 26847
31 42 25462
31 43 22447
31 44 26414
31 45 26849
31 46 25411
31 47 20354
31 48 20096
31 49 10344
31 50 10845
32 0 3620
32 1 3503
32 2 3343
32 3 7284
32 4 2611
32 5 2724
32 6 4755
32 7 7649
32 8 13376
32 9 14222
32 10 21797
32 11 13129
32 12 7971
32 13 9048
32 14 8965
32 15 8268
32 16 10401
32 17 9891
32 18 8658
32 19 4136
32 20 2996
32 21 1141
32 22 5787
32 23 14397
32 24 12927
32 25 13818
32 26 12418
32 27 24748
32 28 26310
32 29 30526
32 30 24038
32 31 2619
32 32 0
32 33 5512
32 34 18928
32 35 13923
32 36 11372
32 37 9735
32 38 26806
32 39 40270
32 40 34035
32 41 26083
32 42 24698
32 43 21683
32 44 25650
32 45 26085
32 46 24647
32 47 19590
32 48 19332
32 49 8907
32 50 9408
33 0 8133
33 1 6378
33 2 3850
33 3 5783
33 4 4011
33 5 4248
33 6 9540
33 7 12225
33 8 12040
33 9 12721
33 10 20554
33 11 12741
33 12 8695
33 13 8005
33 14 13541
33 15 12844
33 16 11700
33 17 11959
33 18 13234
33 19 8649
33 20 7560
33 21 4304
33 22 4632
33 23 12896
33 24 11426
33 25 12317
33 26 10917
33 27 24023
33 28 25117
33 29 28124
33 30 22537
33 31 6310
33 32 5237
33 33 0
33 34 17427
33 35 10495
33 36 7944
33 37 6307
33 38 18139
33 39 37868
33 40 32534
33 41 24582
33 42 23197
33 43 20182
33 44 24149
33 45 24584
33 46 23146
33 47 18089
33 48 17831
33 49 5480
33 50 5980
34 0 18689
34 1 20495
34 2 17820
34 3 15475
34 4 17277
34 5 17331
34 6 18215
34 7 19128
34 8 17117
34 9 17798
34 10 16614
34 11 17818
34 12 16161
34 13 13082
34 14 18089
34 15 18524
34 16 16777
34 17 17036
34 18 18587
34 19 19205
34 20 19988
34 21 18878
34 22 13741
34 23 13711
34 24 16503
34 25 17394
34 26 15994
34 27 16684
34 28 17916
34 29 18293
34 30 5046
34 31 20440
34 32 20247
34 33 14491
34 34 0
34 35 7192
34 36 14590
34 37 10595
34 38 9972
34 39 28037
34 40 17557
34 41 12927
34 42 11532
34 43 5191
34 44 6658
34 45 8393
34 46 12299
34 47 11796
34 48 6414
34 49 10789
34 50 12626
35 0 17366
35 1 15611
35 2 13075
35 3 15828
35 4 13236
35 5 13473
35 6 18568
35 7 19481
35 8 17470
35 9 16430
35 10 22127
35 11 18171
35 12 16514
35 13 13435
35 14 18442
35 15 18877
35 16 17130
35 17 17389
35 18 18940
35 19 17882
35 20 16793
35 21 13529
35 22 14093
35 23 16605
35 24 15135
35 25 16026
35 26 14626
35 27 25762
35 28 26856
35 29 29863
35 30 16465
35 31 15543
35 32 16079
35 33 9232
35 34 9753
35 35 0
35 36 11121
35 37 7126
35 38 7645
35 39 39607
35 40 25290
35 41 22201
35 42 20806
35 43 12713
35 44 18077
35 45 17341
35 46 21573
35 47 19828
35 48 14360
35 49 7843
35 50 9157
36 0 15059
36 1 13304
36 2 10768
36 3 12701
36 4 10929
36 5 11166
36 6 16466
36 7 19151
36 8 16520
36 9 15147
36 10 22980
36 11 17221
36 12 15564
36 13 12485
36 14 20467
36 15 19770
36 16 16180
36 17 16439
36 18 20160
36 19 15575
36 20 14486
36 21 11222
36 22 11550
36 23 15322
36 24 13852
36 25 14743
36 26 13343
36 27 26448
36 28 27542
36 29 30549
36 30 21442
36 31 13236
36 32 13772
36 33 6925
36 34 14825
36 35 11189
36 36 0
36 37 3425
36 38 18833
36 39 40293
36 40 31438
36 41 27007
36 42 25622
36 43 17785
36 44 23054
36 45 23489
36 46 25571
36 47 20514
36 48 20256
36 49 6560
36 50 3937
37 0 13943
37 1 12188
37 2 9652
37 3 11585
37 4 9813
37 5 10050
37 6 15350
37 7 15532
37 8 13521
37 9 12148
37 10 19981
37 11 14222
37 12 12565
37 13 9486
37 14 14493
37 15 14928
37 16 13181
37 17 13440
37 18 14991
37 19 14459
37 20 13370
37 21 10106
37 22 10434
37 23 12323
37 24 10853
37 25 11744
37 26 10344
37 27 23449
37 28 24543
37 29 27550
37 30 18443
37 31 12120
37 32 12656
37 33 5809
37 34 11826
37 35 9138
37 36 3116
37 37 0
37 38 16782
37 39 37294
37 40 28439
37 41 24008
37 42 22623
37 43 14786
37 44 20055
37 45 20490
37 46 22572
37 47 17515
37 48 17257
37 49 3561
37 50 3478
38 0 26976
38 1 23110
38 2 26107
38 3 23763
38 4 25564
38 5 25618
38 6 26503
38 7 27416
38 8 25405
38 9 26086
38 10 28645
38 11 26106
38 12 24449
38 13 21370
38 14 26377
38 15 26812
38 16 25065
38 17 25324
38 18 26875
38 19 27492
38 20 28275
38 21 21028
38 22 22028
38 23 26261
38 24 24791
38 25 25682
38 26 24282
38 27 26932
38 28 28165
38 29 27881
38 30 13238
38 31 23042
38 32 23578
38 33 16731
38 34 9973
38 35 7628
38 36 18620
38 37 14625
38 38 0
38 39 37625
38 40 16374
38 41 23466
38 42 19724
38 43 14448
38 44 14850
38 45 15339
38 46 20491
38 47 21717
38 48 18183
38 49 15342
38 50 16656
39 0 41373
39 1 44293
39 2 40629
39 3 37015
39 4 40591
39 5 41728
39 6 39068
39 7 36576
39 8 32061
39 9 31620
39 10 22871
39 11 31838
39 12 37844
39 13 34220
39 14 35537
39 15 35972
39 16 34375
39 17 34484
39 18 36035
39 19 41423
39 20 43311
39 21 43182
39 22 38138
39 23 29597
39 24 32300
39 25 33191
39 26 31791
39 27 21158
39 28 22390
39 29 16870
39 30 26067
39 31 45016
39 32 44551
39 33 40189
39 34 30305
39 35 39587
39 36 43806
39 37 40281
39 38 47845
39 39 0
39 40 34816
39 41 18603
39 42 20109
39 43 29164
39 44 27369
39 45 24430
39 46 20948
39 47 29396
39 48 25474
39 49 37717
39 50 41842
40 0 33439
40 1 35245
40 2 32570
40 3 30225
40 4 32027
40 5 32081
40 6 32965
40 7 33878
40 8 31867
40 9 32548
40 10 23691
40 11 32568
40 12 30911
40 13 27832
40 14 32839
40 15 33274
40 16 31527
40 17 31786
40 18 33337
40 19 33955
40 20 34738
40 21 33628
40 22 28491
40 23 32723
40 24 31253
40 25 32144
40 26 30744
40 27 21978
40 28 23211
40 29 22927
40 30 21103
40 31 35190
40 32 34997
40 33 29241
40 34 17838
40 35 24071
40 36 31629
40 37 28104
40 38 15203
40 39 34799
40 40 0
40 41 18512
40 42 19664
40 43 22313
40 44 22715
40 45 23204
40 46 20076
40 47 29904
40 48 26048
40 49 25539
40 50 29665
41 0 24125
41 1 27045
41 2 23381
41 3 19767
41 4 23343
41 5 24480
41 6 21821
41 7 19329
41 8 14814
41 9 14373
41 10 5624
41 11 14591
41 12 20597
41 13 16972
41 14 18290
41 15 18725
41 16 17128
41 17 17237
41 18 18788
41 19 24175
41 20 26063
41 21 25934
41 22 20890
41 23 12350
41 24 15053
41 25 15944
41 26 14544
41 27 3911
41 28 5143
41 29 5678
41 30 7617
41 31 27768
41 32 27303
41 33 22941
41 34 11855
41 35 21138
41 36 26558
41 37 23033
41 38 20816
41 39 15422
41 40 18407
41 41 0
41 42 1659
41 43 10715
41 44 8919
41 45 5980
41 46 2071
41 47 12148
41 48 8226
41 49 20469
41 50 24594
42 0 22480
42 1 25400
42 2 21736
42 3 18122
42 4 21698
42 5 22835
42 6 20460
42 7 19125
42 8 14610
42 9 14169
42 10 7111
42 11 14387
42 12 18406
42 13 15327
42 14 18086
42 15 18521
42 16 16924
42 17 17033
42 18 18584
42 19 22530
42 20 24418
42 21 24289
42 22 19245
42 23 12146
42 24 15176
42 25 16067
42 26 14667
42 27 5398
42 28 6630
42 29 7165
42 30 6559
42 31 26123
42 32 25658
42 33 21296
42 34 10797
42 35 20079
42 36 24913
42 37 21388
42 38 19758
42 39 16909
42 40 19541
42 41 1641
42 42 0
42 43 9656
42 44 7861
42 45 4922
42 46 1006
42 47 10503
42 48 6581
42 49 18824
42 50 22949
43 0 21057
43 1 22863
43 2 20188
43 3 17843
43 4 19645
43 5 19699
43 6 20583
43 7 21496
43 8 14398
43 9 13957
43 10 16501
43 11 14175
43 12 18529
43 13 15450
43 14 20457
43 15 20892
43 16 19145
43 17 19404
43 18 20955
43 19 21573
43 20 22356
43 21 21246
43 22 16109
43 23 11933
43 24 13101
43 25 13992
43 26 12592
43 27 14788
43 28 16020
43 29 16396
43 30 6845
43 31 22808
43 32 22615
43 33 16859
43 34 6608
43 35 11965
43 36 16958
43 37 12963
43 38 14512
43 39 26140
43 40 22097
43 41 11031
43 42 9636
43 43 0
43 44 9864
43 45 10065
43 46 10403
43 47 9208
43 48 5278
43 49 13157
43 50 14994
44 0 25468
44 1 27274
44 2 24599
44 3 22255
44 4 24056
44 5 24110
44 6 24995
44 7 25908
44 8 17954
44 9 17513
44 10 14747
44 11 17731
44 12 22941
44 13 19862
44 14 24869
44 15 25304
44 16 23557
44 17 23816
44 18 25367
44 19 25984
44 20 26767
44 21 25657
44 22 20520
44 23 15489
44 24 16657
44 25 17548
44 26 16148
44 27 13034
44 28 14266
44 29 12388
44 30 1572
44 31 27219
44 32 27026
44 33 21271
44 34 5810
44 35 14064
44 36 23659
44 37 20134
44 38 14771
44 39 22132
44 40 20470
44 41 9277
44 42 7882
44 43 6305
44 44 0
44 45 1759
44 46 8649
44 47 14916
44 48 10986
44 49 17569
44 50 21695
45 0 25977
45 1 27783
45 2 25108
45 3 22764
45 4 24565
45 5 24619
45 6 25504
45 7 23703
45 8 19188
45 9 18747
45 10 11661
45 11 18965
45 12 23450
45 13 20371
45 14 22664
45 15 23099
45 16 21502
45 17 21611
45 18 23162
45 19 26493
45 20 27276
45 21 26166
45 22 21029
45 23 16724
45 24 19754
45 25 20645
45 26 19245
45 27 9948
45 28 11181
45 29 10897
45 30 3331
45 31 27728
45 32 27535
45 33 21780
45 34 7569
45 35 14573
45 36 24168
45 37 20643
45 38 15280
45 39 20641
45 40 22013
45 41 6296
45 42 4901
45 43 10064
45 44 1759
45 45 0
45 46 5668
45 47 15081
45 48 11159
45 49 18078
45 50 22204
46 0 22621
46 1 25541
46 2 21877
46 3 18263
46 4 21839
46 5 22976
46 6 20601
46 7 19266
46 8 14751
46 9 14310
46 10 7574
46 11 14528
46 12 18547
46 13 15468
46 14 18227
46 15 18662
46 16 17065
46 17 17174
46 18 18725
46 19 22671
46 20 24559
46 21 24430
46 22 19386
46 23 12287
46 24 15317
46 25 16208
46 26 14808
46 27 5861
46 28 6950
46 29 7628
46 30 7944
46 31 26264
46 32 25799
46 33 21437
46 34 12182
46 35 21464
46 36 25054
46 37 21529
46 38 21143
46 39 17372
46 40 20003
46 41 2104
46 42 1009
46 43 11041
46 44 9246
46 45 6307
46 46 0
46 47 10644
46 48 6722
46 49 18965
46 50 23090
47 0 21132
47 1 23534
47 2 20388
47 3 16774
47 4 20350
47 5 21487
47 6 18743
47 7 16251
47 8 11736
47 9 11295
47 10 5100
47 11 11513
47 12 17519
47 13 13979
47 14 15212
47 15 15647
47 16 14050
47 17 14159
47 18 15710
47 19 20665
47 20 22552
47 21 22941
47 22 17897
47 23 9272
47 24 11975
47 25 12866
47 26 11466
47 27 5934
47 28 7028
47 29 10035
47 30 11381
47 31 24775
47 32 24310
47 33 19948
47 34 14175
47 35 19532
47 36 23565
47 37 20040
47 38 23752
47 39 19779
47 40 33269
47 41 6493
47 42 5108
47 43 9273
47 44 12683
47 45 9744
47 46 5057
47 47 0
47 48 5233
47 49 17476
47 50 21601
48 0 15907
48 1 18827
48 2 15163
48 3 11549
48 4 15125
48 5 16262
48 6 13887
48 7 13450
48 8 12282
48 9 9898
48 10 9030
48 11 12059
48 12 11833
48 13 8754
48 14 12411
48 15 12846
48 16 11248
48 17 11358
48 18 12909
48 19 15957
48 20 17845
48 21 17716
48 22 12672
48 23 10073
48 24 8603
48 25 9494
48 26 8094
48 27 9864
48 28 10958
48 29 13965
48 30 10860
48 31 19550
48 32 19085
48 33 14723
48 34 8950
48 35 14307
48 36 18340
48 37 14815
48 38 18527
48 39 23709
48 40 28045
48 41 10423
48 42 9038
48 43 5360
48 44 10979
48 45 11180
48 46 8987
48 47 3930
48 48 0
48 49 12251
48 50 16376
49 0 12375
49 1 10660
49 2 6719
49 3 9245
49 4 6681
49 5 11017
49 6 11985
49 7 12898
49 8 10887
49 9 9514
49 10 17347
49 11 11588
49 12 9931
49 13 6852
49 14 11859
49 15 12294
49 16 10547
49 17 10806
49 18 12357
49 19 14055
49 20 11842
49 21 8578
49 22 5289
49 23 9689
49 24 8219
49 25 9110
49 26 7710
49 27 20815
49 28 21909
49 29 24916
49 30 15808
49 31 10592
49 32 11128
49 33 4281
49 34 10307
49 35 8465
49 36 6933
49 37 3567
49 38 18576
49 39 34660
49 40 25804
49 41 21374
49 42 19989
49 43 13267
49 44 17420
49 45 17855
49 46 19938
49 47 14881
49 48 14623
49 49 0
49 50 4969
50 0 12459
50 1 10704
50 2 8168
50 3 10101
50 4 8329
50 5 8566
50 6 13866
50 7 16551
50 8 14774
50 9 13401
50 10 21234
50 11 15475
50 12 13013
50 13 10739
50 14 17867
50 15 17170
50 16 14434
50 17 14693
50 18 17560
50 19 12975
50 20 11886
50 21 8622
50 22 8513
50 23 13576
50 24 12106
50 25 12997
50 26 11597
50 27 24702
50 28 25796
50 29 28803
50 30 18497
50 31 10636
50 32 11172
50 33 4325
50 34 12956
50 35 9412
50 36 3365
50 37 3646
50 38 17056
50 39 38547
50 40 28493
50 41 25261
50 42 23876
50 43 15916
50 44 20109
50 45 20544
50 46 23825
50 47 18768
50 48 18510
50 49 4814
50 50 0