11
0 0 0
0 1 3386
0 2 6602
0 3 5757
0 4 5544
0 5 4184
0 6 2994
0 7 5201
0 8 10928
0 9 13155
0 10 19349
1 0 5204
1 1 0
1 2 5125
1 3 8604
1 4 4393
1 5 4506
1 6 5430
1 7 7637
1 8 13364
1 9 15591
1 10 21785
2 0 4898
2 1 5190
2 2 0
2 3 4236
2 4 618
2 5 2811
2 6 6610
2 7 8780
2 8 10493
2 9 11174
2 10 19007
3 0 5995
3 1 8294
3 2 5831
3 3 0
3 4 5137
3 5 5130
3 6 4077
3 7 7779
3 8 7557
3 9 8238
3 10 16071
4 0 5027
4 1 4571
4 2 1210
4 3 4365
4 4 0
4 5 2363
4 6 6739
4 7 8909
4 8 10622
4 9 11303
4 10 19136
5 0 3472
5 1 3771
5 2 2099
5 3 5254
5 4 1279
5 5 0
5 6 5239
5 7 7409
5 8 11511
5 9 12192
5 10 21557
6 0 2764
6 1 4953
6 2 7012
6 3 3872
6 4 6280
6 5 5080
6 6 0
6 7 2895
6 8 8622
6 9 10849
6 10 5096
7 0 7285
7 1 9260
7 2 5585
7 3 6842
7 4 8201
7 5 1900
7 6 2494
7 7 7116
7 8 9343
7 9 15537
7 10 10272
8 0 12461
8 1 11701
8 2 7736
8 3 11663
8 4 12018
8 5 7670
8 6 5178
8 7 2000
8 8 1223
8 9 9647
8 10 17043
9 0 12739
9 1 14201
9 2 8381
9 3 12308
9 4 13837
9 5 12346
9 6 9410
9 7 6918
9 8 1294
9 9 0
9 10 10848
10 0 21578
10 1 22283
10 2 22560
10 3 17220
10 4 22522
10 5 22676
10 6 17492
10 7 15000
10 8 10485
10 9 10044
10 10 0