21
0 0 0
0 1 3386
0 2 6602
0 3 5757
0 4 5544
0 5 4184
0 6 2994
0 7 5201
0 8 10928
0 9 13155
0 10 19349
0 11 10681
0 12 5810
0 13 6887
0 14 6517
0 15 5820
0 16 7995
0 17 7443
0 18 6210
0 19 516
0 20 2404
1 0 5204
1 1 0
1 2 5125
1 3 8604
1 4 4393
1 5 4506
1 6 5430
1 7 7637
1 8 13364
1 9 15591
1 10 21785
1 11 13117
1 12 8197
1 13 9274
1 14 8953
1 15 8256
1 16 10431
1 17 9879
1 18 8646
1 19 2953
1 20 1009
2 0 4898
2 1 5190
2 2 0
2 3 4236
2 4 618
2 5 2811
2 6 6610
2 7 8780
2 8 10493
2 9 11174
2 10 19007
2 11 11194
2 12 7148
2 13 6458
2 14 10096
2 15 9399
2 16 10153
2 17 10412
2 18 9789
2 19 5414
2 20 5468
3 0 5995
3 1 8294
3 2 5831
3 3 0
3 4 5137
3 5 5130
3 6 4077
3 7 7779
3 8 7557
3 9 8238
3 10 16071
3 11 8258
3 12 2753
3 13 3522
3 14 6740
3 15 7175
3 16 5903
3 17 6638
3 18 7238
3 19 6045
3 20 7933
4 0 5027
4 1 4571
4 2 1210
4 3 4365
4 4 0
4 5 2363
4 6 6739
4 7 8909
4 8 10622
4 9 11303
4 10 19136
4 11 11323
4 12 7277
4 13 6587
4 14 10225
4 15 9528
4 16 10282
4 17 10541
4 18 9918
4 19 5543
4 20 5423
5 0 3472
5 1 3771
5 2 2099
5 3 5254
5 4 1279
5 5 0
5 6 5239
5 7 7409
5 8 11511
5 9 12192
5 10 21557
5 11 12889
5 12 7824
5 13 7476
5 14 8725
5 15 8028
5 16 10254
5 17 9651
5 18 8418
5 19 3988
5 20 3264
6 0 2764
6 1 4953
6 2 7012
6 3 3872
6 4 6280
6 5 5080
6 6 0
6 7 2895
6 8 8622
6 9 10849
6 10 17043
6 11 8375
6 12 4300
6 13 5377
6 14 4211
6 15 3514
6 16 5689
6 17 5137
6 18 3904
6 19 2084
6 20 3971
7 0 5096
7 1 7285
7 2 9260
7 3 5585
7 4 8201
7 5 6842
7 6 2494
7 7 0
7 8 7116
7 9 9343
7 10 15537
7 11 6869
7 12 5329
7 13 6406
7 14 2705
7 15 2008
7 16 4183
7 17 3631
7 18 2398
7 19 4416
7 20 6303
8 0 10272
8 1 12461
8 2 11701
8 3 7736
8 4 11663
8 5 12018
8 6 7670
8 7 5178
8 8 0
8 9 1223
8 10 9647
8 11 979
8 12 6446
8 13 4941
8 14 4139
8 15 4574
8 16 2977
8 17 3086
8 18 4637
8 19 9592
8 20 11479
9 0 12739
9 1 14201
9 2 12346
9 3 8381
9 4 12308
9 5 13837
9 6 9410
9 7 6918
9 8 1294
9 9 0
9 10 10848
9 11 2180
9 12 8186
9 13 5586
9 14 5879
9 15 6314
9 16 4717
9 17 4826
9 18 6377
9 19 11332
9 20 13219
10 0 21578
10 1 22283
10 2 22560
10 3 17220
10 4 22522
10 5 22676
10 6 17492
10 7 15000
10 8 10485
10 9 10044
10 10 0
10 11 10262
10 12 16268
10 13 14425
10 14 13961
10 15 14396
10 16 12799
10 17 12908
10 18 14459
10 19 19414
10 20 21301
11 0 14008
11 1 14713
11 2 13615
11 3 9650
11 4 13577
11 5 15106
11 6 9922
11 7 7430
11 8 2915
11 9 2474
11 10 8668
11 11 0
11 12 8698
11 13 6855
11 14 6391
11 15 6826
11 16 5229
11 17 5338
11 18 6889
11 19 11844
11 20 13731
12 0 6621
12 1 9541
12 2 7946
12 3 2263
12 4 7252
12 5 7719
12 6 4601
12 7 5887
12 8 6032
12 9 6977
12 10 15401
12 11 6733
12 12 0
12 13 1077
12 14 4848
12 15 5283
12 16 3150
12 17 4441
12 18 5346
12 19 6671
12 20 8559
13 0 7153
13 1 10073
13 2 8478
13 3 2795
13 4 7784
13 5 8251
13 6 5133
13 7 6966
13 8 4955
13 9 5900
13 10 14324
13 11 5656
13 12 3079
13 13 0
13 14 5927
13 15 6362
13 16 3695
13 17 4874
13 18 6425
13 19 7203
13 20 9091
14 0 6724
14 1 8913
14 2 10888
14 3 5578
14 4 9829
14 5 8470
14 6 4122
14 7 1630
14 8 4405
14 9 6633
14 10 12827
14 11 4159
14 12 3316
14 13 4393
14 14 0
14 15 1026
14 16 1473
14 17 921
14 18 935
14 19 6044
14 20 7931
15 0 6600
15 1 8789
15 2 10764
15 3 6281
15 4 9705
15 5 8346
15 6 3998
15 7 1506
15 8 5108
15 9 7335
15 10 13530
15 11 4862
15 12 4019
15 13 5096
15 14 698
15 15 0
15 16 2176
15 17 1624
15 18 391
15 19 5920
15 20 7807
16 0 9134
16 1 10155
16 2 10093
16 3 4410
16 4 9399
16 5 10232
16 6 5364
16 7 2872
16 8 4209
16 9 6436
16 10 12630
16 11 3962
16 12 3380
16 13 2979
16 14 1833
16 15 2268
16 16 0
16 17 1353
16 18 2331
16 19 7286
16 20 9173
17 0 7404
17 1 9593
17 2 10675
17 3 4992
17 4 9981
17 5 9150
17 6 4802
17 7 2310
17 8 4291
17 9 6518
17 10 12712
17 11 4044
17 12 3206
17 13 3561
17 14 1271
17 15 1706
17 16 582
17 17 0
17 18 1769
17 19 6724
17 20 8611
18 0 7036
18 1 9225
18 2 11200
18 3 5890
18 4 10141
18 5 8782
18 6 4434
18 7 1942
18 8 4717
18 9 6945
18 10 13139
18 11 4471
18 12 3628
18 13 4705
18 14 307
18 15 1338
18 16 1785
18 17 1233
18 18 0
18 19 6356
18 20 8243
19 0 2933
19 1 5122
19 2 8178
19 3 5192
19 4 7446
19 5 7458
19 6 2478
19 7 4685
19 8 10412
19 9 12639
19 10 18833
19 11 10165
19 12 5245
19 13 6322
19 14 6001
19 15 5304
19 16 7479
19 17 6927
19 18 5694
19 19 0
19 20 4141
20 0 2982
20 1 1218
20 2 5841
20 3 7627
20 4 4783
20 5 3423
20 6 4421
20 7 6628
20 8 12355
20 9 14582
20 10 20776
20 11 12108
20 12 7188
20 13 8265
20 14 7944
20 15 7247
20 16 9422
20 17 8870
20 18 7637
20 19 1944
20 20 0