11
0 0 1000
0 1 0.07574488488593258
0 2 0.07581036049681913
0 3 0.11792800091996745
0 4 0.11229844611801525
0 5 0.11962237093690245
0 6 0.2494192439381921
0 7 0.10428450793620522
0 8 0.04579978038067349
0 9 0.038046370201444316
0 10 0.02586696986924389
1 0 0.032982162548348355
1 1 1000
1 2 0.03315541221527918
1 3 0.05817061831706184
1 4 0.11393125426815387
1 5 0.03457945895507432
1 6 0.04803071957397294
1 7 0.06553620531622364
1 8 0.021437859077178472
1 9 0.019570188653764864
1 10 0.01575364214949904
2 0 0.10218456512862394
2 1 0.10404644306378413
2 2 1000
2 3 0.08686335163585775
2 4 0.05410260231152541
2 5 0.17805051583066525
2 6 0.31063464917638445
2 7 0.40989301318197074
2 8 0.04769846564376251
2 9 0.0447914802219438
2 10 0.02633240385121271
3 0 0.031343171513408194
3 1 0.0603448275862069
3 2 0.031669350379096926
3 3 1000
3 4 0.0974304068522484
3 5 0.03314439252276244
3 6 0.05520691814227548
3 7 0.06433988944594421
3 8 0.02854483329818439
3 9 0.027475981107186756
3 10 0.01920950939387168
4 0 0.033372904039620795
4 1 0.10949464012251153
4 2 0.04501625614674029
4 3 0.1146620847651775
4 4 1000
4 5 0.04065485353841197
4 6 0.04266726083329885
4 7 0.05617914468514986
4 8 0.024293023040674707
4 9 0.023515108690573282
4 10 0.017187029366605513
5 0 0.14415322580645162
5 1 0.08040229703759019
5 2 0.23844687946641255
5 3 0.10544704085150301
5 4 0.05772380508472221
5 5 1000
5 6 2.092145647265713
5 7 0.19304317055430142
5 8 0.04348014942229172
5 9 0.041051509186351705
5 10 0.023217516351997033
6 0 0.06458069117102126
6 1 10.638398821260138
6 2 0.041696347957043904
6 3 0.4433915435789227
6 4 0.3907046178343946
6 5 0.049701599800025
6 6 1000
6 7 0.2377024027830767
6 8 0.03676332079919976
6 9 0.03159381891506615
6 10 0.02271227545205772
7 0 0.03321947282031316
7 1 0.06870281400137268
7 2 0.026014535659577145
7 3 0.08961504028648162
7 4 0.06102914278746494
7 5 0.029760763595389254
7 6 0.06692052385559878
7 7 1000
7 8 0.029282697004771593
7 9 0.025902660394604964
7 10 0.01961161500754613
8 0 0.048724688473520246
8 1 0.20320956850632008
8 2 0.042774121869925644
8 3 0.22091268942231437
8 4 0.30070432581792256
8 5 0.04164586453652854
8 6 0.18733110665123617
8 7 0.1037879767301888
8 8 1000
8 9 0.4092395748160262
8 10 0.05188141391106044
9 0 0.03928879817882094
9 1 0.11905448991165551
9 2 0.04053944597440467
9 3 0.3088922714758426
9 4 0.2166784056135165
9 5 0.036171135361711355
9 6 0.11343181977006175
9 7 0.16230459190153532
9 8 0.38678516228748056
9 9 1000
9 10 0.04613753687315634
10 0 0.02319492075261841
10 1 0.040729106382523805
10 2 0.02218528368794326
10 3 0.06928111356697264
10 4 0.03995192420136405
10 5 0.022071793967189984
10 6 0.040054200890261966
10 7 0.10003333333333334
10 8 0.04773485932284216
10 9 0.04983074472321784
10 10 1000