31
0 0 1000
0 1 0.07574488488593258
0 2 0.07581036049681913
0 3 0.11792800091996745
0 4 0.11229844611801525
0 5 0.11962237093690245
0 6 0.2494192439381921
0 7 0.10428450793620522
0 8 0.04579978038067349
0 9 0.038046370201444316
0 10 0.02586696986924389
0 11 0.08805948592127649
0 12 0.08614457831325303
0 13 0.1606893689423842
0 14 0.07679914070891515
0 15 0.11970313553330375
0 16 0.07144012652447394
0 17 0.19560882758501827
0 18 0.05696333668584745
0 19 0.11247657476367308
0 20 0.2081946755407654
0 21 0.08277121037765459
0 22 0.2644829232958232
0 23 0.04071620829462821
0 24 0.40392171322719117
0 25 0.23489326672666852
0 26 0.04664926833814895
0 27 0.02892415562870992
0 28 0.02097477160338614
0 29 0.021683463138887832
0 30 0.019906928645294728
1 0 0.032982162548348355
1 1 1000
1 2 0.03315541221527918
1 3 0.05817061831706184
1 4 0.11393125426815387
1 5 0.03457945895507432
1 6 0.04803071957397294
1 7 0.06553620531622364
1 8 0.021437859077178472
1 9 0.019570188653764864
1 10 0.01575364214949904
1 11 0.027636506726337592
1 12 0.02753805458376134
1 13 0.05396808281216303
1 14 0.026436895057275984
1 15 0.06062257751937984
1 16 0.09211201064006895
1 17 0.050663022573134944
1 18 0.13719441825219145
1 19 0.06303867681143481
1 20 0.045912925914026015
1 21 0.17122819021553187
1 22 0.04136877557319241
1 23 0.3401664126488485
1 24 0.03673394495412844
1 25 0.03447919537062552
1 26 0.021668161177742278
1 27 0.016834848912778286
1 28 0.013793876481538491
1 29 0.014095340699613745
1 30 0.014160788970911041
2 0 0.10218456512862394
2 1 0.10404644306378413
2 2 1000
2 3 0.08686335163585775
2 4 0.05410260231152541
2 5 0.17805051583066525
2 6 0.31063464917638445
2 7 0.40989301318197074
2 8 0.04769846564376251
2 9 0.0447914802219438
2 10 0.02633240385121271
2 11 0.08076794737990141
2 12 0.07001958589815332
2 13 0.14124060799232813
2 14 0.04957408874801902
2 15 0.8319999525562856
2 16 0.10320583823432981
2 17 1.2136402545233445
2 18 0.09600195089326646
2 19 1.2078218217575127
2 20 0.09153255303584493
2 21 0.07198302493797326
2 22 0.29340687703309465
2 23 0.03667141005253768
2 24 4.132282017368826
2 25 0.6493970746059886
2 26 0.05341515474919958
2 27 0.028632912007542668
2 28 0.02123462028001697
2 29 0.023191636172872652
2 30 0.023844687946641258
3 0 0.031343171513408194
3 1 0.0603448275862069
3 2 0.031669350379096926
3 3 1000
3 4 0.0974304068522484
3 5 0.03314439252276244
3 6 0.05520691814227548
3 7 0.06433988944594421
3 8 0.02854483329818439
3 9 0.027475981107186756
3 10 0.01920950939387168
3 11 0.03777362624378721
3 12 0.03938808127566346
3 13 0.14210675752413407
3 14 0.029942762231936152
3 15 0.0697560975609756
3 16 0.5537945587289839
3 17 0.07539921663151554
3 18 0.22348284214407088
3 19 0.045352065634195915
3 20 0.027944586995100305
3 21 0.07895567124152075
3 22 0.05686550002471433
3 23 0.0759665215538691
3 24 0.07208699409477173
3 25 0.06388817972938474
3 26 0.030502441374090857
3 27 0.020400486661845095
3 28 0.016345965871366486
3 29 0.017478640706951456
3 30 0.017849828251573528
4 0 0.033372904039620795
4 1 0.10949464012251153
4 2 0.04501625614674029
4 3 0.1146620847651775
4 4 1000
4 5 0.04065485353841197
4 6 0.04266726083329885
4 7 0.05617914468514986
4 8 0.024293023040674707
4 9 0.023515108690573282
4 10 0.017187029366605513
4 11 0.030675781997390628
4 12 0.029008919160207532
4 13 0.07598299681190222
4 14 0.024770778618294794
4 15 0.05252938706968934
4 16 0.0947097418861561
4 17 0.047481263637226066
4 18 0.10171775783875935
4 19 0.04751503550257291
4 20 0.03251131419915719
4 21 0.20690367920628355
4 22 0.05950025405827587
4 23 0.14200835432749956
4 24 0.05000999200639489
4 25 0.045921644187540134
4 26 0.025694977752549773
4 27 0.01813477975008534
4 28 0.014858333462898544
4 29 0.015788608210509508
4 30 0.01609102971284965
5 0 0.14415322580645162
5 1 0.08040229703759019
5 2 0.23844687946641255
5 3 0.10544704085150301
5 4 0.05772380508472221
5 5 1000
5 6 2.092145647265713
5 7 0.19304317055430142
5 8 0.04348014942229172
5 9 0.041051509186351705
5 10 0.023217516351997033
5 11 0.06341818179171768
5 12 0.063969836400818
5 13 0.19816513742019887
5 14 0.05736389684813754
5 15 0.25361197775331984
5 16 0.10540063672232253
5 17 1.432716564549778
5 18 0.07602414888614989
5 19 0.4941965223734442
5 20 0.15333946078431376
5 21 0.06997939761230397
5 22 0.5768222462409759
5 23 0.039619310886337716
5 24 0.5574594850801704
5 25 0.2796844741818358
5 26 0.04818059299191375
5 27 0.027057077422554796
5 28 0.020355457946966
5 29 0.022146908779708523
5 30 0.02274173027989822
6 0 0.06458069117102126
6 1 10.638398821260138
6 2 0.041696347957043904
6 3 0.4433915435789227
6 4 0.3907046178343946
6 5 0.049701599800025
6 6 1000
6 7 0.2377024027830767
6 8 0.03676332079919976
6 9 0.03159381891506615
6 10 0.02271227545205772
6 11 0.059761194029850744
6 12 0.053879719929982486
6 13 1.32635293560499
6 14 0.05440165923468014
6 15 0.33661604303799975
6 16 0.11607025958807646
6 17 3.649732369570117
6 18 0.08214907114581989
6 19 0.2401631477927064
6 20 0.05586105945173066
6 21 2.6316828974723534
6 22 0.07301239970824216
6 23 0.06048750728966834
6 24 0.10580435910922607
6 25 0.08903089036043864
6 26 0.035218452710223565
6 27 0.02503250975292588
6 28 0.01885133216561851
6 29 0.019420301101971134
6 30 0.017485357936247625
7 0 0.03321947282031316
7 1 0.06870281400137268
7 2 0.026014535659577145
7 3 0.08961504028648162
7 4 0.06102914278746494
7 5 0.029760763595389254
7 6 0.06692052385559878
7 7 1000
7 8 0.029282697004771593
7 9 0.025902660394604964
7 10 0.01961161500754613
7 11 0.04219933894988751
7 12 0.032711739992050994
7 13 0.07812987823915081
7 14 0.03953942769267925
7 15 0.24925298804780888
7 16 0.6121146354759355
7 17 0.13784081520242356
7 18 0.19236838410691973
7 19 0.05321432914065482
7 20 0.030748529291822483
7 21 0.06852409638554215
7 22 0.03904111056884221
7 23 0.10469520962796698
7 24 0.051528878822197054
7 25 0.04719917012448133
7 26 0.02609056665635627
7 27 0.021314510509504954
7 28 0.01666387276401343
7 29 0.017105276594285995
7 30 0.014469936920171936
8 0 0.048724688473520246
8 1 0.20320956850632008
8 2 0.042774121869925644
8 3 0.22091268942231437
8 4 0.30070432581792256
8 5 0.04164586453652854
8 6 0.18733110665123617
8 7 0.1037879767301888
8 8 1000
8 9 0.4092395748160262
8 10 0.05188141391106044
8 11 0.12485790254890121
8 12 0.07764505119453925
8 13 0.0989349557032321
8 14 0.1209229282435371
8 15 0.0922582261539808
8 16 0.04175491264629368
8 17 0.07247905992912461
8 18 0.04835640500427536
8 19 0.10893714419391304
8 20 0.04360135900339751
8 21 0.2016529673283705
8 22 0.13006172293014262
8 23 0.024306263944838726
8 24 0.10511539185191895
8 25 0.1292805324767842
8 26 0.10581395348837208
8 27 0.06585514545863076
8 28 0.035348541563669754
8 29 0.0374103884544472
8 30 0.023152002960495882
9 0 0.03928879817882094
9 1 0.11905448991165551
9 2 0.04053944597440467
9 3 0.3088922714758426
9 4 0.2166784056135165
9 5 0.036171135361711355
9 6 0.11343181977006175
9 7 0.16230459190153532
9 8 0.38678516228748056
9 9 1000
9 10 0.04613753687315634
9 11 0.1775343223371722
9 12 0.06114097239188859
9 13 0.11336544967830932
9 14 0.08513352610988263
9 15 0.13572758845246702
9 16 0.04872994200525385
9 17 0.09674063678076698
9 18 0.058062866939021164
9 19 0.07900811525743766
9 20 0.03786216809138361
9 21 0.10997280346212056
9 22 0.11138646015617323
9 23 0.0220788830714375
9 24 0.07072335875956087
9 25 0.0808286646043477
9 26 0.2081946755407654
9 27 0.05686733511262968
9 28 0.03258463541666667
9 29 0.03432850525543273
9 30 0.03179392707406937
10 0 0.02319492075261841
10 1 0.040729106382523805
10 2 0.02218528368794326
10 3 0.06928111356697264
10 4 0.03995192420136405
10 5 0.022071793967189984
10 6 0.040054200890261966
10 7 0.10003333333333334
10 8 0.04773485932284216
10 9 0.04983074472321784
10 10 1000
10 11 0.09506962804473386
10 12 0.030765920826161787
10 13 0.11302901232754652
10 14 0.03584986748800229
10 15 0.11377449529125594
10 16 0.2272085339754401
10 17 0.17197821297179183
10 18 0.9242489982829893
10 19 0.03471425190437241
10 20 0.023496549457771937
10 21 0.03737104698676977
10 22 0.03753665503118825
10 23 0.029510478189287547
10 24 0.6906543592005125
10 25 0.309640571002853
10 26 0.04899657366617719
10 27 0.15589760122167376
10 28 0.07904295641187617
10 29 0.10487298000768193
10 30 0.039153563326292724
11 0 0.026340407693919973
11 1 0.05151138497273713
11 2 0.026896783293378624
11 3 0.10757869519193272
11 4 0.058332268283306565
11 5 0.024901297978387
11 6 0.05044345898004434
11 7 0.20582861162343744
11 8 0.06334272052218631
11 9 0.06710068360940401
11 10 0.03663948033118158
11 11 1000
11 12 0.03655916355642817
11 13 0.26961471843598916
11 14 0.04397253753752702
11 15 0.2738958123199453
11 16 0.10489545289781656
11 17 1.4793836088688628
11 18 0.16079260518972868
11 19 0.042257683215130015
11 20 0.026730130253010277
11 21 0.04625514858223846
11 22 0.04651486988847585
11 23 0.03018456201222304
11 24 0.4735674112325363
11 25 0.2568773150648513
11 26 0.047496984362270414
11 27 0.04307599621309923
11 28 0.02753917094465898
11 29 0.028769328045065243
11 30 0.02227654488313427
12 0 0.07559281075366257
12 1 1.0893770241446223
12 2 0.06298766675056634
12 3 0.06484547711951756
12 4 0.18201945595894434
12 5 0.06484000518201838
12 6 1.2532415041080176
12 7 0.12165069998299691
12 8 0.08297413793103449
12 9 0.07173570302422244
12 10 0.032497889747419
12 11 0.2885912836063624
12 12 1000
12 13 0.056499218372059894
12 14 0.10323844884488452
12 15 0.10609421919685029
12 16 0.042352822985734374
12 17 0.09005682182968648
12 18 0.05188553118599386
12 19 0.29929697402254074
12 20 0.0584764575300853
12 21 0.3185306495606379
12 22 0.5388774489273577
12 23 0.027695257543276022
12 24 0.10947735285990762
12 25 0.13594867914144196
12 26 0.10172764227642277
12 27 0.03841250663588458
12 28 0.026176778242677824
12 29 0.029216267639573357
12 30 0.024663677130044845
13 0 0.029219320667491316
13 1 0.04968728283530229
13 2 0.027118181715351148
13 3 0.17906976744186037
13 4 0.06429856115107915
13 5 0.02745635785179291
13 6 0.04944113733477614
13 7 0.07184898076370944
13 8 0.03353454240960352
13 9 0.03153128664321501
13 10 0.02059073608399609
13 11 0.04701032361923452
13 12 0.03839161280410514
13 13 1000
13 14 0.03147759132906548
13 15 0.0786702294875825
13 16 0.383277080449401
13 17 0.10268773081657778
13 18 0.3509550139941291
13 19 0.04104294662022067
13 20 0.02624535092452229
13 21 0.055846909172059804
13 22 0.043707416832811936
13 23 0.05456398094438038
13 24 0.1150045955882353
13 25 0.0954606141522029
13 26 0.03624944498120619
13 27 0.02280958136259109
13 28 0.01785747301568921
13 29 0.019217610934572197
13 30 0.017139930169546555
14 0 0.07443486020226055
14 1 0.46003769857059423
14 2 0.04596803820720059
14 3 0.11316064645642998
14 4 2.9240274780620052
14 5 0.05909090909090909
14 6 0.5695973823441967
14 7 0.06004390497760772
14 8 0.1136208853575482
14 9 0.07545605306799337
14 10 0.039019256256334296
14 11 0.5946505422533935
14 12 0.15093486127864902
14 13 0.0892880639144486
14 14 1000
14 15 0.05620384380955856
14 16 0.03730255412837296
14 17 0.05561503267434519
14 18 0.03608399504972141
14 19 0.47900992973621265
14 20 0.06310679611650485
14 21 0.46822077251174515
14 22 0.1178952451204291
14 23 0.02865759402217812
14 24 0.1669048981391311
14 25 0.237480243328567
14 26 0.07707114259316292
14 27 0.04642248576057185
14 28 0.0288638985005767
14 29 0.030223726927387944
14 30 0.02140443912243938
15 0 0.030196239503468416
15 1 0.056946182728410503
15 2 0.024126589835006578
15 3 0.07968476357267952
15 4 0.0515713549716641
15 5 0.02731380624572856
15 6 0.05569296650992755
15 7 0.3323373173970783
15 8 0.03319293465021047
15 9 0.028911546770023094
15 10 0.021286423678284615
15 11 0.050802493580476796
15 12 0.03579029107424164
15 13 0.09821428571428571
15 14 0.04745404036102402
15 15 1000
15 16 0.17728360377437108
15 17 0.30818965517241403
15 18 0.10976217441800458
15 19 0.045872005247005236
15 20 0.028142890485619007
15 21 0.05682334241598547
15 22 0.03350403836006823
15 23 0.07374197984636008
15 24 0.06494939008564755
15 25 0.05821798301733162
15 26 0.02914431202633656
15 27 0.023307807217370868
15 28 0.017858110375096454
15 29 0.018365702515450236
15 30 0.01468953791794467
16 0 0.02077240026304487
16 1 0.03304164857444678
16 2 0.0199754150268916
16 3 0.05324834149033329
16 4 0.03477783080374777
16 5 0.019864972833186993
16 6 0.032636822454691815
16 7 0.06369035487012252
16 8 0.026148258417266763
16 9 0.023402935252592856
16 10 0.01813586044980197
16 11 0.035937687214904576
16 12 0.02735141103978469
16 13 0.06283233585510069
16 14 0.029976335354828212
16 15 0.06901517511955962
16 16 1000
16 17 0.0790725241224909
16 18 0.21471471471471473
16 19 0.02899376649300783
16 20 0.020738742271096653
16 21 0.0314074174589202
16 22 0.02772443679371727
16 23 0.1862880919922967
16 24 0.045612631617915726
16 25 0.042185104201090125
16 26 0.024513767576961984
16 27 0.0195778469827106
16 28 0.015584652843673491
16 29 0.015967795317338898
16 30 0.013610632867632573
17 0 0.028796558873988493
17 1 0.052173459814448035
17 2 0.024230635263600555
17 3 0.10026041666666664
17 4 0.05014527602444644
17 5 0.026164305383155704
17 6 0.051114121241565925
17 7 0.21666666666666679
17 8 0.03510357774474994
17 9 0.030346719123040235
17 10 0.02205412685531096
17 11 0.05540891196397347
17 12 0.03801753565011235
17 13 0.14055040718899187
17 14 0.04475502708782229
17 15 0.29337631887456045
17 16 0.11403248814985247
17 17 1000
17 18 0.15503349669214578
17 19 0.042721921059238555
17 20 0.02692389730017638
17 21 0.052070328755722005
17 22 0.03666901835273446
17 23 0.06583110937314379
17 24 0.0762608563157093
17 25 0.06714515696270458
17 26 0.031227476032842406
17 27 0.024229763917342297
17 28 0.01839450048712484
17 29 0.018933345903680794
17 30 0.01546397201242396
18 0 0.02276120650574268
18 1 0.03520358542776991
18 2 0.019128612322791713
18 3 0.04599857192078213
18 4 0.03307222270731384
18 5 0.021081238734568828
18 6 0.03475319731033996
18 7 0.07228281945358052
18 8 0.02546482698382236
18 9 0.022856227551009866
18 10 0.017806987444368493
18 11 0.034663694150345745
18 12 0.02697913112979264
18 13 0.051626105062138626
18 14 0.034293458380264596
18 15 0.07926293158545909
18 16 0.2803921568627451
18 17 0.08062370849033784
18 18 1000
18 19 0.030648487299807105
18 20 0.021572510558619265
18 21 0.035156588436850926
18 22 0.02562123683137673
18 23 0.22973777721382796
18 24 0.04066924591958248
18 25 0.037922509096652464
18 26 0.023002933543566622
18 27 0.019196242528822575
18 28 0.01534179366955152
18 29 0.015713077950575517
18 30 0.012942667592016942
19 0 0.06319833223086514
19 1 4.098458273855631
19 2 0.03800316422937641
19 3 2.604262968669746
19 4 0.2044825221837076
19 5 0.040201895208877965
19 6 0.20197740112994353
19 7 1.5874083108874932
19 8 0.03249027430367185
19 9 0.02838583822546046
19 10 0.02100586353846824
19 11 0.049237579931136255
19 12 0.048899623662592505
19 13 0.3782939149170993
19 14 0.04553373304552261
19 15 1.6448311105818831
19 16 0.19840084830411567
19 17 0.2595428611326557
19 18 0.11620485771399754
19 19 1000
19 20 0.054819354436984595
19 21 0.5123787499725684
19 22 0.06882563256325634
19 23 0.07717367392803745
19 24 0.0881836354799187
19 25 0.07621630283818048
19 26 0.0330220236187719
19 27 0.022975578406169667
19 28 0.017660590020653167
19 29 0.018159059574776867
19 30 0.017758977251317018
20 0 0.16784037558685447
20 1 0.05734514806558721
20 2 0.08568738229755177
20 3 0.21076930710208377
20 4 0.09594505827396253
20 5 0.1462167689161554
20 6 0.8636709549609934
20 7 0.14835539008813395
20 8 0.04050991501416431
20 9 0.03432313811548485
20 10 0.024090296495956873
20 11 0.07038457019445511
20 12 0.069629938786867
20 13 0.28824493410810154
20 14 0.06300352467270898
20 15 0.18168904492012453
20 16 0.08969093032266816
20 17 0.4425342458919892
20 18 0.06797257381756412
20 19 0.1638697670911167
20 20 1000
20 21 0.07356744818977694
20 22 0.4425594421747106
20 23 0.05244873528332812
20 24 0.19117113068401081
20 25 0.14260901670202422
20 26 0.04133972082266457
20 27 0.02672049099184234
20 28 0.019791213571117874
20 29 0.02042094546413151
20 30 0.0205282802182027
21 0 0.03232801038145287
21 1 0.1650725593667546
21 2 0.04120741698911847
21 3 0.0919360764144012
21 4 0.34070796460176966
21 5 0.04348649251061141
21 6 0.04760096641970864
21 7 0.06163793103448278
21 8 0.02308314427467833
21 9 0.022379761057329094
21 10 0.016572806257929965
21 11 0.028772645695337294
21 12 0.025225670810469645
21 13 0.06528828593790764
21 14 0.025778446467623086
21 15 0.057271999084563444
21 16 0.0786480032932174
21 17 0.04307228915662652
21 18 0.12114946656386956
21 19 0.04530687533813687
21 20 0.035903961476581044
21 21 1000
21 22 0.052726000782061896
21 23 0.20470621220611027
21 24 0.0451429602236854
21 25 0.041784939054934044
21 26 0.024345061674866175
21 27 0.017452431895615517
21 28 0.014397084131122553
21 29 0.015268872246639698
21 30 0.015551439391192442
22 0 0.04661161343353592
22 1 0.2741960778264539
22 2 0.059036081552205355
22 3 0.46567670431853353
22 4 0.2270390809790496
22 5 0.05787333257613044
22 6 0.0834723148765844
22 7 0.15798921432703492
22 8 0.03671206791041198
22 9 0.03496496179258428
22 10 0.0225974150353347
22 11 0.05357525155213017
22 12 0.04342661817400535
22 13 1.2691440870548454
22 14 0.034578349499808925
22 15 0.1321573114975463
22 16 0.29435099297694156
22 17 0.14050784941720035
22 18 0.6061151019734131
22 19 0.07991377933897496
22 20 0.044260471633808994
22 21 1.3624909820788935
22 22 1000
22 23 0.04765809426772583
22 24 0.16524233602243232
22 25 0.12767219706151484
22 26 0.04000898987447966
22 27 0.024267843289371607
22 28 0.018736997974726995
22 29 0.020242669362992922
22 30 0.019846327428912347
23 0 0.012659224570301587
23 1 0.016529410666710063
23 2 0.012525155933349833
23 3 0.01985391717392329
23 4 0.01670669602241751
23 5 0.012316251705883612
23 6 0.016431311065383175
23 7 0.02177688104730589
23 8 0.01767950051727675
23 9 0.017974790189007755
23 10 0.015375475533365797
23 11 0.02162235325190715
23 12 0.014633608028622838
23 13 0.022337827994231143
23 14 0.015702911707337237
23 15 0.022366894536468004
23 16 0.031681413529144546
23 17 0.02396884985823325
23 18 0.028662739643809592
23 19 0.015453263209645511
23 20 0.012748810703512295
23 21 0.015947440704576467
23 22 0.015989941056182583
23 23 1000
23 24 0.028428780138031618
23 25 0.02702951550781186
23 26 0.018614303023704423
23 27 0.01638219464566414
23 28 0.013492427738512393
23 29 0.013771683288653941
23 30 0.012368123707459268
24 0 0.02123852381769981
24 1 0.030327819184390717
24 2 0.020844699100930106
24 3 0.05425474254742546
24 4 0.035775553967119365
24 5 0.02029255606559797
24 6 0.030807983940119438
24 7 0.057128181714416165
24 8 0.03775986842292988
24 9 0.04065821470045389
24 10 0.024807647263603603
24 11 0.05553822750702909
24 12 0.025013657905678804
24 13 0.07783825816485225
24 14 0.028278269983495127
24 15 0.06135834252789015
24 16 0.32058904002501587
24 17 0.07504873294346978
24 18 0.15534033035619838
24 19 0.026870787235910115
24 20 0.019623923208014583
24 21 0.03251689189189189
24 22 0.030278568913018555
24 23 0.040315834673550544
24 24 1000
24 25 0.5610986547085205
24 26 0.04856058451909777
24 27 0.02608231433347243
24 28 0.01980336145189316
24 29 0.0214893176984566
24 30 0.02041428307314224
25 0 0.020463551507389197
25 1 0.028772635814889345
25 2 0.020097717521807047
25 3 0.049471187110803595
25 4 0.03363123236124178
25 5 0.01958397796566775
25 6 0.02920419049443988
25 7 0.05184916606236404
25 8 0.03536295005557906
25 9 0.03787811757770659
25 10 0.023756389179286446
25 11 0.050530372869287216
25 12 0.02394521454671038
25 13 0.06835564053537285
25 14 0.026919547138150493
25 15 0.05530997900320478
25 16 0.20398226737033287
25 17 0.06619494775823304
25 18 0.12165020343464635
25 19 0.025642618030196514
25 20 0.018960535969733603
25 21 0.030735691476295752
25 22 0.02872804764985595
25 23 0.0433572920747278
25 24 0.5610986547085205
25 25 1000
25 26 0.044212690059808546
25 27 0.024923620798074895
25 28 0.01912798813277443
25 29 0.02069660932550419
25 30 0.019697322744254828
26 0 0.038282086584059974
26 1 0.08344801180656294
26 2 0.037021969080553295
26 3 0.38946546545258526
26 4 0.143673975189016
26 5 0.03531611628563364
26 6 0.08709389136282841
26 7 0.2861017813031389
26 8 0.17964824120603018
26 9 0.27010253642741505
26 10 0.051672517034895726
26 11 0.33661604303799975
26 12 0.052573529411764706
26 13 0.12266350869102327
26 14 0.06938860390960765
26 15 0.21265041058264306
26 16 0.05595479545773984
26 17 0.13028950216450216
26 18 0.068661357729911
26 19 0.061584134576064285
26 20 0.03333999467092992
26 21 0.10242966336826524
26 22 0.08299158996620536
26 23 0.022012176044174867
26 24 0.053663805996333205
26 25 0.05850318401812737
26 26 1000
26 27 0.05759380049796733
26 28 0.03386103781882146
26 29 0.03912726429566059
26 30 0.035686274509803925
27 0 0.01823654342699859
27 1 0.02756069820561677
27 2 0.01760653772555128
27 3 0.038215979914091446
27 4 0.027202671354157926
27 5 0.017534980616499735
27 6 0.027252926762864144
27 7 0.04601696862342498
27 8 0.030610105708164224
27 9 0.031458754830759675
27 10 0.06999493074736417
27 11 0.044948361023798844
27 12 0.022611709007436708
27 13 0.04858580112110029
27 14 0.025242943014590197
27 15 0.048722978826155124
27 16 0.13620214843625503
27 17 0.05697740471625542
27 18 0.09380605489227772
27 19 0.02467097155814068
27 20 0.018422490051369075
27 21 0.025981150036939724
27 22 0.026063635890225485
27 23 0.0450769272012191
27 24 0.07583514127739646
27 25 0.0668135427104037
27 26 0.03112415893681433
27 27 1000
27 28 0.04403835224082979
27 29 0.054735345581802285
27 30 0.029185454637240548
28 0 0.019607459061349215
28 1 0.030824310630348115
28 2 0.019019570587117614
28 3 0.044794394198303326
28 4 0.030737219360237274
28 5 0.018257094915006933
28 6 0.03043694619965864
28 7 0.05590479659221213
28 8 0.03467747523037484
28 9 0.035770440251572326
28 10 0.0799520766773163
28 11 0.054324002992188675
28 12 0.024757617728531855
28 13 0.059742966862050564
28 14 0.027946842369758224
28 15 0.05995055504706264
28 16 0.2862347788182996
28 17 0.07295848449824692
28 18 0.14678384100789618
28 19 0.027251551498420026
28 20 0.019822567230385363
28 21 0.028861672011775398
28 22 0.02658282319385937
28 23 0.038411815256586004
28 24 0.10705462646210841
28 25 0.08991168886958836
28 26 0.03533855821506743
28 27 0.23999380616045898
28 28 1000
28 29 0.14944741296517514
28 30 0.03862478777589135
29 0 0.015042170883240698
29 1 0.01910072404391686
29 2 0.015386223867696338
29 3 0.02644656674166315
29 4 0.02224336938216889
29 5 0.014883371255091328
29 6 0.01926926926926927
29 7 0.027074642109835522
29 8 0.020888380184288347
29 9 0.021280070793251095
29 10 0.03388750775922895
29 11 0.0267018779342723
29 12 0.01682692470927765
29 13 0.031029496614567362
29 14 0.018241861068669245
29 15 0.02798918921096872
29 16 0.044345806988292935
29 17 0.03052978175440218
29 18 0.03865868554250133
29 19 0.017667407956510995
29 20 0.014214235593160594
29 21 0.019946464859541258
29 22 0.019984826704999206
29 23 0.14300999440470533
29 24 0.035222429420249134
29 25 0.0331440420827899
29 26 0.02112645952190494
29 27 0.062065972222222224
29 28 0.03502860470581663
29 29 1000
29 30 0.027858048624706977
30 0 0.020944928021426182
30 1 0.03186253105400035
30 2 0.0217353541494767
30 3 0.04682750684004578
30 4 0.04007350365593025
30 5 0.022206939391250333
30 6 0.02716133459813117
30 7 0.03489777783647976
30 8 0.03055182517397143
30 9 0.0313970265353491
30 10 0.03748782862706914
30 11 0.044837824845945604
30 12 0.02342177921287847
30 13 0.060340968223389295
30 14 0.0214834528050822
30 15 0.036432370667521474
30 16 0.07160470412490849
30 17 0.04085880596897432
30 18 0.056871496046926304
30 19 0.025777745278617203
30 20 0.019865052589799564
30 21 0.035519517352495734
30 22 0.0358738213330626
30 23 0.045150066054269716
30 24 0.09836156242127125
30 25 0.08369930230017043
30 26 0.03433726673984632
30 27 0.0753668554471459
30 28 0.038888888888888896
30 29 0.06066585158545086
30 30 1000