51
0 0 0
0 1 853
0 2 1667
0 3 1447
0 4 1401
0 5 1060
0 6 754
0 7 1312
0 8 2751
0 9 3302
0 10 4856
0 11 2682
0 12 1464
0 13 1731
0 14 1645
0 15 1463
0 16 2016
0 17 1881
0 18 1568
0 19 144
0 20 610
0 21 994
0 22 1739
0 23 3194
0 24 2840
0 25 3053
0 26 2702
0 27 5595
0 28 5991
0 29 7044
0 30 6312
0 31 945
0 32 1373
0 33 2177
0 34 5031
0 35 4287
0 36 3643
0 37 3236
0 38 7002
0 39 9491
0 40 8822
0 41 6574
0 42 6227
0 43 5059
0 44 6724
0 45 6821
0 46 6214
0 47 4492
0 48 4431
0 49 2749
0 50 3158
1 0 1309
1 1 0
1 2 1293
1 3 2157
1 4 1109
1 5 1137
1 6 1362
1 7 1919
1 8 3359
1 9 3909
1 10 5463
1 11 3289
1 12 2059
1 13 2325
1 14 2252
1 15 2070
1 16 2623
1 17 2488
1 18 2175
1 19 752
1 20 257
1 21 733
1 22 1790
1 23 4134
1 24 3435
1 25 3647
1 26 3296
1 27 6203
1 28 6598
1 29 7651
1 30 6362
1 31 183
1 32 878
1 33 1836
1 34 5081
1 35 3946
1 36 3302
1 37 2895
1 38 7053
1 39 10098
1 40 8873
1 41 7181
1 42 6834
1 43 5772
1 44 6774
1 45 6872
1 46 6821
1 47 5087
1 48 5026
1 49 2688
1 50 2817
2 0 1239
2 1 1309
2 2 0
2 3 1070
2 4 155
2 5 705
2 6 1665
2 7 2205
2 8 2631
2 9 2809
2 10 4774
2 11 2814
2 12 1796
2 13 1627
2 14 2532
2 15 2364
2 16 2546
2 17 2615
2 18 2455
2 19 1361
2 20 1375
2 21 769
2 22 826
2 23 2850
2 24 2488
2 25 2701
2 26 2350
2 27 5643
2 28 5914
2 29 6672
2 30 5267
2 31 1170
2 32 996
2 33 951
2 34 3986
2 35 3060
2 36 2424
2 37 2010
2 38 5965
2 39 9111
2 40 7770
2 41 5784
2 42 5436
2 43 4676
2 44 5671
2 45 5784
2 46 5423
2 47 4155
2 48 4087
2 49 1523
2 50 1932
3 0 1507
3 1 2080
3 2 1470
3 3 0
3 4 1296
3 5 1294
3 6 1022
3 7 1954
3 8 1902
3 9 2066
3 10 4030
3 11 2071
3 12 694
3 13 883
3 14 1698
3 15 1799
3 16 1488
3 17 1676
3 18 1822
3 19 1527
3 20 1993
3 21 1590
3 22 964
3 23 2113
3 24 1760
3 25 1972
3 26 1621
3 27 4900
3 28 5178
3 29 5928
3 30 4531
3 31 1886
3 32 1940
3 33 1584
3 34 3250
3 35 3897
3 36 3050
3 37 2459
3 38 5221
3 39 8375
3 40 7042
3 41 5040
3 42 4693
3 43 3941
3 44 4943
3 45 5041
3 46 4680
3 47 3412
3 48 3351
3 49 1816
3 50 2565
4 0 1272
4 1 1154
4 2 303
4 3 1102
4 4 0
4 5 593
4 6 1697
4 7 2238
4 8 2663
4 9 2842
4 10 4806
4 11 2847
4 12 1828
4 13 1659
4 14 2564
4 15 2397
4 16 2578
4 17 2647
4 18 2487
4 19 1394
4 20 1364
4 21 614
4 22 859
4 23 2882
4 24 2521
4 25 2733
4 26 2382
4 27 5676
4 28 5946
4 29 6704
4 30 5299
4 31 1015
4 32 841
4 33 983
4 34 4018
4 35 3092
4 36 2456
4 37 2042
4 38 5997
4 39 9144
4 40 7802
4 41 5816
4 42 5469
4 43 4709
4 44 5704
4 45 5816
4 46 5456
4 47 4188
4 48 4119
4 49 1555
4 50 1964
5 0 882
5 1 953
5 2 526
5 3 1325
5 4 321
5 5 0
5 6 1321
5 7 1862
5 8 2886
5 9 3065
5 10 5413
5 11 3239
5 12 1966
5 13 1882
5 14 2188
5 15 2021
5 16 2571
5 17 2424
5 18 2111
5 19 1004
5 20 822
5 21 719
5 22 1036
5 23 3105
5 24 2744
5 25 2956
5 26 2605
5 27 5899
5 28 6169
5 29 6927
5 30 5522
5 31 939
5 32 917
5 33 1206
5 34 4241
5 35 3315
5 36 2679
5 37 2265
5 38 6220
5 39 9367
5 40 8025
5 41 6039
5 42 5692
5 43 4932
5 44 5926
5 45 6039
5 46 5679
5 47 4411
5 48 4342
5 49 1778
5 50 2187
6 0 697
6 1 1242
6 2 1766
6 3 971
6 4 1582
6 5 1281
6 6 0
6 7 730
6 8 2169
6 9 2720
6 10 4274
6 11 2100
6 12 1082
6 13 1348
6 14 1063
6 15 881
6 16 1434
6 17 1299
6 18 986
6 19 534
6 20 999
6 21 1206
6 22 1726
6 23 2945
6 24 2458
6 25 2670
6 26 2319
6 27 5013
6 28 5409
6 29 6462
6 30 5929
6 31 1333
6 32 1353
6 33 2215
6 34 4648
6 35 4324
6 36 3680
6 37 3274
6 38 6619
6 39 8909
6 40 8439
6 41 5992
6 42 5645
6 43 4676
6 44 6341
6 45 6439
6 46 5632
6 47 4110
6 48 4049
6 49 2787
6 50 3195
7 0 1285
7 1 1830
7 2 2326
7 3 1404
7 4 2060
7 5 1719
7 6 629
7 7 0
7 8 1788
7 9 2347
7 10 3900
7 11 1726
7 12 1336
7 13 1610
7 14 682
7 15 507
7 16 1053
7 17 918
7 18 605
7 19 1115
7 20 1580
7 21 1835
7 22 1967
7 23 2563
7 24 2451
7 25 2663
7 26 2312
7 27 4640
7 28 5028
7 29 6088
7 30 6169
7 31 1963
7 32 1975
7 33 2653
7 34 4888
7 35 4762
7 36 4118
7 37 3712
7 38 6867
7 39 8528
7 40 8680
7 41 5618
7 42 5271
7 43 4669
7 44 6581
7 45 6686
7 46 5258
7 47 4110
7 48 4042
7 49 3225
7 50 3633
8 0 2587
8 1 3132
8 2 2934
8 3 1947
8 4 2924
8 5 3014
8 6 1931
8 7 1302
8 8 0
8 9 314
8 10 2426
8 11 253
8 12 1620
8 13 1246
8 14 1038
8 15 1154
8 16 746
8 17 778
8 18 1163
8 19 2409
8 20 2882
8 21 3137
8 22 2218
8 23 1090
8 24 1325
8 25 1537
8 26 1186
8 27 3166
8 28 3554
8 29 4615
8 30 5424
8 31 3264
8 32 3269
8 33 3140
8 34 4143
8 35 4783
8 36 4050
8 37 3162
8 38 6122
8 39 7055
8 40 7927
8 41 4145
8 42 3797
8 43 3551
8 44 5829
8 45 4960
8 46 3785
8 47 2992
8 48 2923
8 49 2519
8 50 3557
9 0 3198
9 1 3561
9 2 3103
9 3 2102
9 4 3094
9 5 3477
9 6 2360
9 7 1738
9 8 332
9 9 0
9 10 2720
9 11 547
9 12 2056
9 13 1401
9 14 1482
9 15 1583
9 16 1190
9 17 1221
9 18 1607
9 19 2853
9 20 3318
9 21 3648
9 22 2387
9 23 532
9 24 749
9 25 961
9 26 610
9 27 3460
9 28 3855
9 29 4909
9 30 3951
9 31 3693
9 32 3999
9 33 3310
9 34 4305
9 35 4952
9 36 4212
9 37 3331
9 38 6277
9 39 7356
9 40 8097
9 41 4003
9 42 3655
9 43 2941
9 44 4363
9 45 4818
9 46 3643
9 47 2375
9 48 2314
9 49 2689
9 50 3727
10 0 5414
10 1 5587
10 2 5664
10 3 4318
10 4 5655
10 5 5694
10 6 4386
10 7 3765
10 8 2637
10 9 2519
10 10 0
10 11 2573
10 12 4083
10 13 3617
10 14 3508
10 15 3610
10 16 3217
10 17 3248
10 18 3633
10 19 4879
10 20 5345
10 21 5864
10 22 4604
10 23 2015
10 24 2708
10 25 2920
10 26 2569
10 27 448
10 28 1591
10 29 2450
10 30 3209
10 31 5720
10 32 6215
10 33 5526
10 34 4076
10 35 5423
10 36 6428
10 37 5548
10 38 6474
10 39 4897
10 40 6903
10 41 1980
10 42 1632
10 43 3545
10 44 3543
10 45 2795
10 46 1620
10 47 1618
10 48 1905
10 49 4905
10 50 5943
11 0 3516
11 1 3689
11 2 3421
11 3 2420
11 4 3412
11 5 3795
11 6 2488
11 7 1867
11 8 738
11 9 620
11 10 2174
11 11 0
11 12 2185
11 13 1719
11 14 1610
11 15 1712
11 16 1319
11 17 1350
11 18 1735
11 19 2981
11 20 3447
11 21 3966
11 22 2706
11 23 845
11 24 1537
11 25 1749
11 26 1398
11 27 2913
11 28 3309
11 29 4362
11 30 4385
11 31 3821
11 32 4317
11 33 3628
11 34 4623
11 35 5270
11 36 4530
11 37 3650
11 38 6595
11 39 6809
11 40 8415
11 41 3892
11 42 3545
11 43 3375
11 44 4797
11 45 4707
11 46 3532
11 47 2269
11 48 2776
11 49 3007
11 50 4045
12 0 1668
12 1 2396
12 2 1996
12 3 571
12 4 1822
12 5 1939
12 6 1157
12 7 1476
12 8 1516
12 9 1753
12 10 3866
12 11 1692
12 12 0
12 13 274
12 14 1219
12 15 1328
12 16 794
12 17 1121
12 18 1344
12 19 1680
12 20 2146
12 21 2118
12 22 1490
12 23 1730
12 24 1376
12 25 1588
12 26 1237
12 27 4524
12 28 4794
12 29 5552
12 30 5088
12 31 2577
12 32 2461
12 33 2111
12 34 3807
12 35 4454
12 36 4094
12 37 3214
12 38 5786
12 39 7992
12 40 7599
12 41 4664
12 42 4317
12 43 3595
12 44 5500
12 45 5606
12 46 4304
12 47 3036
12 48 2967
12 49 2571
12 50 3609
13 0 1797
13 1 2526
13 2 2133
13 3 701
13 4 1959
13 5 2076
13 6 1287
13 7 1750
13 8 1250
13 9 1479
13 10 3592
13 11 1418
13 12 776
13 13 0
13 14 1494
13 15 1595
13 16 934
13 17 1233
13 18 1619
13 19 1817
13 20 2283
13 21 2247
13 22 1627
13 23 1464
13 24 1110
13 25 1322
13 26 971
13 27 4250
13 28 4528
13 29 5278
13 30 4822
13 31 2707
13 32 2598
13 33 2248
13 34 3541
13 35 4188
13 36 3827
13 37 2947
13 38 5512
13 39 7725
13 40 7333
13 41 4390
13 42 4043
13 43 3328
13 44 5234
13 45 5332
13 46 4030
13 47 2762
13 48 2701
13 49 2304
13 50 3342
14 0 1697
14 1 2242
14 2 2730
14 3 1406
14 4 2465
14 5 2124
14 6 1041
14 7 412
14 8 1105
14 9 1671
14 10 3224
14 11 1050
14 12 835
14 13 1109
14 14 0
14 15 265
14 16 369
14 17 235
14 18 234
14 19 1519
14 20 1992
14 21 2247
14 22 2318
14 23 1887
14 24 1767
14 25 1979
14 26 1628
14 27 3964
14 28 4352
14 29 5413
14 30 5867
14 31 2375
14 32 2379
14 33 3057
14 34 4586
14 35 5225
14 36 4492
14 37 3605
14 38 6565
14 39 7852
14 40 8370
14 41 4942
14 42 4595
14 43 3993
14 44 6271
14 45 5757
14 46 4582
14 47 3434
14 48 3366
14 49 2962
14 50 4000
15 0 1659
15 1 2204
15 2 2707
15 3 1575
15 4 2441
15 5 2100
15 6 1002
15 7 381
15 8 1288
15 9 1839
15 10 3393
15 11 1219
15 12 1012
15 13 1278
15 14 183
15 15 0
15 16 553
15 17 418
15 18 106
15 19 1496
15 20 1961
15 21 2209
15 22 2501
15 23 2063
15 24 1951
15 25 2163
15 26 1812
15 27 4132
15 28 4528
15 29 5581
15 30 6043
15 31 2336
15 32 2356
15 33 3034
15 34 4762
15 35 5409
15 36 4668
15 37 3788
15 38 6734
15 39 8028
15 40 8554
15 41 5111
15 42 4763
15 43 4169
15 44 6455
15 45 5926
15 46 4751
15 47 3603
15 48 3542
15 49 3145
15 50 4183
16 0 2302
16 1 2554
16 2 2531
16 3 1113
16 4 2357
16 5 2566
16 6 1353
16 7 724
16 8 1055
16 9 1621
16 10 3174
16 11 1001
16 12 851
16 13 754
16 14 460
16 15 576
16 16 0
16 17 343
16 18 584
16 19 1831
16 20 2304
16 21 2751
16 22 2025
16 23 1838
16 24 1511
16 25 1723
16 26 1372
16 27 3914
16 28 4302
16 29 5363
16 30 5470
16 31 2686
16 32 3087
16 33 2645
16 34 4188
16 35 4828
16 36 4236
16 37 3349
16 38 6167
16 39 7803
16 40 7973
16 41 4893
16 42 4546
16 43 3737
16 44 5874
16 45 5987
16 46 4533
16 47 3178
16 48 3110
16 49 2706
16 50 3744
17 0 1872
17 1 2417
17 2 2681
17 3 1263
17 4 2506
17 5 2298
17 6 1215
17 7 587
17 8 1080
17 9 1646
17 10 3199
17 11 1025
17 12 811
17 13 904
17 14 322
17 15 439
17 16 150
17 17 0
17 18 447
17 19 1686
17 20 2167
17 21 2421
17 22 2174
17 23 1862
17 24 1653
17 25 1873
17 26 1522
17 27 3939
17 28 4327
17 29 5388
17 30 5619
17 31 2549
17 32 2553
17 33 2795
17 34 4338
17 35 4977
17 36 4386
17 37 3498
17 38 6317
17 39 7827
17 40 8122
17 41 4917
17 42 4570
17 43 3886
17 44 6016
17 45 6136
17 46 4557
17 47 3327
17 48 3259
17 49 2855
17 50 3886
18 0 1776
18 1 2321
18 2 2808
18 3 1484
18 4 2543
18 5 2202
18 6 1119
18 7 491
18 8 1183
18 9 1749
18 10 3302
18 11 1129
18 12 913
18 13 1187
18 14 77
18 15 343
18 16 448
18 17 313
18 18 0
18 19 1598
18 20 2071
18 21 2325
18 22 2396
18 23 1965
18 24 1845
18 25 2058
18 26 1707
18 27 4042
18 28 4430
18 29 5491
18 30 5945
18 31 2453
18 32 2457
18 33 3135
18 34 4664
18 35 5303
18 36 4570
18 37 3683
18 38 6643
18 39 7930
18 40 8448
18 41 5020
18 42 4673
18 43 4071
18 44 6349
18 45 5835
18 46 4660
18 47 3512
18 48 3444
18 49 3040
18 50 4078
19 0 750
19 1 1296
19 2 2054
19 3 1313
19 4 1871
19 5 1874
19 6 633
19 7 1182
19 8 2615
19 9 3180
19 10 4734
19 11 2560
19 12 1323
19 13 1596
19 14 1509
19 15 1341
19 16 1879
19 17 1737
19 18 1432
19 19 0
19 20 1046
19 21 1510
19 22 1827
19 23 3397
19 24 2684
19 25 2903
19 26 2552
19 27 5474
19 28 5862
19 29 6922
19 30 5822
19 31 1388
19 32 1846
19 33 2513
19 34 4541
19 35 4622
19 36 3986
19 37 3572
19 38 6520
19 39 9362
19 40 8325
19 41 6452
19 42 6105
19 43 4917
19 44 6219
19 45 6339
19 46 6092
19 47 4358
19 48 4290
19 49 3085
19 50 3486
20 0 755
20 1 309
20 2 1468
20 3 1916
20 4 1203
20 5 862
20 6 1112
20 7 1662
20 8 3102
20 9 3660
20 10 5213
20 11 3040
20 12 1802
20 13 2076
20 14 1996
20 15 1821
20 16 2366
20 17 2232
20 18 1919
20 19 495
20 20 0
20 21 803
20 22 1541
20 23 3877
20 24 3178
20 25 3391
20 26 3040
20 27 5953
20 28 6341
20 29 7402
20 30 6114
20 31 401
20 32 1175
20 33 1979
20 34 4832
20 35 4088
20 36 3445
20 37 3038
20 38 6811
20 39 9842
20 40 8624
20 41 6932
20 42 6584
20 43 5523
20 44 6525
20 45 6631
20 46 6572
20 47 4838
20 48 4770
20 49 2551
20 50 2960
21 0 1385
21 1 760
21 2 559
21 3 1365
21 4 376
21 5 404
21 6 1385
21 7 2040
21 8 2942
21 9 3105
21 10 5069
21 11 3110
21 12 2476
21 13 1922
21 14 2374
21 15 2191
21 16 2856
21 17 2925
21 18 2297
21 19 1530
21 20 1000
21 21 0
21 22 1137
21 23 3152
21 24 2799
21 25 3011
21 26 2660
21 27 5939
21 28 6217
21 29 6967
21 30 5570
21 31 622
21 32 462
21 33 1104
21 34 4289
21 35 3213
21 36 2569
21 37 2162
21 38 6260
21 39 9414
21 40 8080
21 41 6079
21 42 5732
21 43 4979
21 44 5982
21 45 6079
21 46 5719
21 47 4451
21 48 4390
21 49 1955
21 50 2084
22 0 1452
22 1 1719
22 2 875
22 3 992
22 4 701
22 5 918
22 6 1511
22 7 2051
22 8 2167
22 9 2345
22 10 4309
22 11 2350
22 12 1642
22 13 1162
22 14 2378
22 15 2210
22 16 2081
22 17 2150
22 18 2301
22 19 1574
22 20 1588
22 21 1353
22 22 0
22 23 2385
22 24 2024
22 25 2236
22 26 1885
22 27 5179
22 28 5450
22 29 6207
22 30 5075
22 31 1705
22 32 1682
22 33 853
22 34 3794
22 35 2962
22 36 2326
22 37 1912
22 38 5773
22 39 8647
22 40 7578
22 41 5319
22 42 4972
22 43 3673
22 44 5479
22 45 5592
22 46 4959
22 47 3691
22 48 3623
22 49 1361
22 50 1833
23 0 3669
23 1 3842
23 2 3772
23 3 2573
23 4 3762
23 5 3941
23 6 2641
23 7 2013
23 8 884
23 9 774
23 10 1924
23 11 828
23 12 2330
23 13 1872
23 14 1756
23 15 1865
23 16 1464
23 17 1495
23 18 1881
23 19 3127
23 20 3592
23 21 4119
23 22 2851
23 23 0
23 24 693
23 25 905
23 26 554
23 27 2664
23 28 3052
23 29 4113
23 30 3895
23 31 3975
23 32 4463
23 33 3661
23 34 3416
23 35 5416
23 36 4564
23 37 3684
23 38 6748
23 39 6552
23 40 8561
23 41 3642
23 42 3295
23 43 2884
23 44 4306
23 45 4458
23 46 3282
23 47 2326
23 48 2257
23 49 3041
23 50 4079
24 0 3428
24 1 4157
24 2 3529
24 3 2332
24 4 3519
24 5 3693
24 6 2840
24 7 2212
24 8 837
24 9 611
24 10 2575
24 11 1028
24 12 2530
24 13 1631
24 14 1948
24 15 2064
24 16 1656
24 17 1680
24 18 2072
24 19 3426
24 20 3907
24 21 3878
24 22 2904
24 23 651
24 24 0
24 25 235
24 26 139
24 27 3578
24 28 3849
24 29 4607
24 30 3659
24 31 4338
24 32 4214
24 33 3418
24 34 3180
24 35 4670
24 36 4329
24 37 3442
24 38 6283
24 39 7046
24 40 8088
24 41 3719
24 42 3371
24 43 2649
24 44 4056
24 45 4534
24 46 3358
24 47 2090
24 48 2022
24 49 2799
24 50 3829
25 0 3641
25 1 4369
25 2 3741
25 3 2544
25 4 3732
25 5 3905
25 6 3053
25 7 2424
25 8 1050
25 9 823
25 10 2788
25 11 1240
25 12 2742
25 13 1843
25 14 2160
25 15 2277
25 16 1869
25 17 1900
25 18 2285
25 19 3646
25 20 4119
25 21 4091
25 22 3117
25 23 864
25 24 235
25 25 0
25 26 351
25 27 3791
25 28 4061
25 29 4819
25 30 3872
25 31 4551
25 32 4426
25 33 3631
25 34 3393
25 35 4882
25 36 4542
25 37 3654
25 38 6496
25 39 7259
25 40 8301
25 41 3931
25 42 3584
25 43 2862
25 44 4276
25 45 4746
25 46 3571
25 47 2303
25 48 2234
25 49 3011
25 50 4049
26 0 3290
26 1 4018
26 2 3390
26 3 2193
26 4 3380
26 5 3554
26 6 2702
26 7 2073
26 8 699
26 9 472
26 10 2436
26 11 889
26 12 2391
26 13 1492
26 14 1809
26 15 1925
26 16 1517
26 17 1548
26 18 1934
26 19 3295
26 20 3768
26 21 3739
26 22 2765
26 23 512
26 24 139
26 25 351
26 26 0
26 27 3440
26 28 3710
26 29 4468
26 30 3521
26 31 4199
26 32 4075
26 33 3280
26 34 3042
26 35 4531
26 36 4190
26 37 3303
26 38 6145
26 39 6907
26 40 7950
26 41 3580
26 42 3232
26 43 2510
26 44 3925
26 45 4395
26 46 3220
26 47 1952
26 48 1883
26 49 2660
26 50 3698
27 0 5633
27 1 5806
27 2 5883
27 3 4537
27 4 5874
27 5 5912
27 6 4605
27 7 3984
27 8 2856
27 9 2737
27 10 543
27 11 2792
27 12 4302
27 13 3836
27 14 3727
27 15 3829
27 16 3436
27 17 3467
27 18 3852
27 19 5098
27 20 5564
27 21 6083
27 22 4823
27 23 2234
27 24 2927
27 25 3139
27 26 2788
27 27 0
27 28 1602
27 29 2293
27 30 3052
27 31 5939
27 32 6434
27 33 5745
27 34 4295
27 35 5642
27 36 6647
27 37 5767
27 38 6693
27 39 4740
27 40 6746
27 41 1822
27 42 1475
27 43 3763
27 44 3386
27 45 2638
27 46 1462
27 47 2180
27 48 2601
27 49 5124
27 50 6162
28 0 6408
28 1 6581
28 2 6602
28 3 5312
28 4 6593
28 5 6878
28 6 5380
28 7 4751
28 8 3623
28 9 3512
28 10 1573
28 11 3567
28 12 5069
28 13 4611
28 14 4494
28 15 4604
28 16 4203
28 17 4234
28 18 4619
28 19 5866
28 20 6331
28 21 6858
28 22 5978
28 23 3001
28 24 3694
28 25 3906
28 26 3555
28 27 1780
28 28 0
28 29 2097
28 30 3249
28 31 6713
28 32 7201
28 33 6492
28 34 5041
28 35 6388
28 36 7395
28 37 6515
28 38 6563
28 39 4536
28 40 6543
28 41 2197
28 42 1680
28 43 3811
28 44 3583
28 45 2842
28 46 1667
28 47 2955
28 48 2798
28 49 5872
28 50 6910
29 0 7095
29 1 7823
29 2 6912
29 3 5998
29 4 6902
29 5 7187
29 6 6513
29 7 5892
29 8 4763
29 9 4645
29 10 2452
29 11 4700
29 12 6210
29 13 5297
29 14 5635
29 15 5737
29 16 5344
29 17 5375
29 18 5760
29 19 7115
29 20 7581
29 21 7545
29 22 6287
29 23 4142
29 24 4835
29 25 5047
29 26 4696
29 27 2022
29 28 2335
29 29 0
29 30 3257
29 31 8004
29 32 7895
29 33 6802
29 34 4319
29 35 6651
29 36 7705
29 37 6825
29 38 7197
29 39 2825
29 40 5734
29 41 1381
29 42 1759
29 43 4033
29 44 3591
29 45 2843
29 46 1969
29 47 4088
29 48 3108
29 49 6182
29 50 7220
30 0 5999
30 1 6449
30 2 5778
30 3 5190
30 4 5642
30 5 5655
30 6 5877
30 7 6102
30 8 4112
30 9 4001
30 10 3352
30 11 4056
30 12 5358
30 13 4590
30 14 5845
30 15 5955
30 16 5516
30 17 5585
30 18 5970
30 19 6129
30 20 6318
30 21 6043
30 22 4755
30 23 3490
30 24 3798
30 25 4010
30 26 3659
30 27 2922
30 28 3227
30 29 3325
30 30 0
30 31 6435
30 32 6386
30 33 4943
30 34 1063
30 35 3136
30 36 5538
30 37 4658
30 38 3313
30 39 5765
30 40 5215
30 41 1980
30 42 1630
30 43 1187
30 44 412
30 45 843
30 46 1822
30 47 3013
30 48 2123
30 49 4015
30 50 5053
31 0 1170
31 1 185
31 2 1206
31 3 2018
31 4 1023
31 5 971
31 6 1445
31 7 2017
31 8 3457
31 9 4007
31 10 5561
31 11 3387
31 12 2261
31 13 2528
31 14 2351
31 15 2168
31 16 2874
31 17 2587
31 18 2274
31 19 850
31 20 355
31 21 646
31 22 1650
31 23 3805
31 24 3452
31 25 3664
31 26 3313
31 27 6301
31 28 6696
31 29 7750
31 30 6223
31 31 0
31 32 792
31 33 1750
31 34 4942
31 35 3859
31 36 3216
31 37 2809
31 38 6913
31 39 10197
31 40 8733
31 41 6732
31 42 6385
31 43 5632
31 44 6635
31 45 6732
31 46 6372
31 47 5104
31 48 5043
31 49 2601
31 50 2731
32 0 919
32 1 886
32 2 838
32 3 1834
32 4 655
32 5 683
32 6 1200
32 7 1922
32 8 3354
32 9 3574
32 10 5473
32 11 3300
32 12 2002
32 13 2276
32 14 2248
32 15 2081
32 16 2608
32 17 2484
32 18 2171
32 19 1041
32 20 755
32 21 294
32 22 1451
32 23 3614
32 24 3253
32 25 3465
32 26 3114
32 27 6213
32 28 6601
32 29 7662
32 30 6031
32 31 664
32 32 0
32 33 1382
32 34 4750
32 35 3491
32 36 2855
32 37 2441
32 38 6729
32 39 10101
32 40 8534
32 41 6548
32 42 6201
32 43 5441
32 44 6435
32 45 6548
32 46 6188
32 47 4920
32 48 4851
32 49 2233
32 50 2363
33 0 2051
33 1 1607
33 2 965
33 3 1458
33 4 1006
33 5 1065
33 6 2400
33 7 3069
33 8 3019
33 9 3197
33 10 5161
33 11 3202
33 12 2184
33 13 2015
33 14 3395
33 15 3228
33 16 2934
33 17 3002
33 18 3318
33 19 2172
33 20 1899
33 21 1087
33 22 1161
33 23 3237
33 24 2876
33 25 3088
33 26 2737
33 27 6031
33 28 6302
33 29 7060
33 30 5655
33 31 1590
33 32 1313
33 33 0
33 34 4374
33 35 2632
33 36 1996
33 37 1581
33 38 4556
33 39 9499
33 40 8158
33 41 6171
33 42 5824
33 43 5064
33 44 6059
33 45 6172
33 46 5811
33 47 4543
33 48 4475
33 49 1374
33 50 1503
34 0 4694
34 1 5143
34 2 4472
34 3 3884
34 4 4336
34 5 4349
34 6 4571
34 7 4796
34 8 4296
34 9 4467
34 10 4170
34 11 4472
34 12 4052
34 13 3284
34 14 4540
34 15 4649
34 16 4211
34 17 4279
34 18 4664
34 19 4823
34 20 5012
34 21 4737
34 22 3449
34 23 3438
34 24 4153
34 25 4365
34 26 4014
34 27 4187
34 28 4492
34 29 4591
34 30 1265
34 31 5129
34 32 5081
34 33 3637
34 34 0
34 35 1807
34 36 3658
34 37 2660
34 38 2504
34 39 7030
34 40 4406
34 41 3245
34 42 2895
34 43 1302
34 44 1677
34 45 2108
34 46 3088
34 47 2962
34 48 1608
34 49 2709
34 50 3173
35 0 4366
35 1 3922
35 2 3279
35 3 3976
35 4 3319
35 5 3378
35 6 4663
35 7 4889
35 8 4381
35 9 4127
35 10 5556
35 11 4564
35 12 4145
35 13 3376
35 14 4624
35 15 4741
35 16 4295
35 17 4364
35 18 4749
35 19 4488
35 20 4215
35 21 3400
35 22 3534
35 23 4167
35 24 3806
35 25 4019
35 26 3667
35 27 6467
35 28 6738
35 29 7496
35 30 4132
35 31 3905
35 32 4032
35 33 2315
35 34 2449
35 35 0
35 36 2792
35 37 1787
35 38 1924
35 39 9935
35 40 6341
35 41 5574
35 42 5225
35 43 3192
35 44 4537
35 45 4356
35 46 5417
35 47 4979
35 48 3605
35 49 1967
35 50 2300
36 0 3784
36 1 3340
36 2 2704
36 3 3189
36 4 2744
36 5 2804
36 6 4133
36 7 4802
36 8 4146
36 9 3802
36 10 5766
36 11 4322
36 12 3903
36 13 3134
36 14 5136
36 15 4961
36 16 4061
36 17 4130
36 18 5059
36 19 3913
36 20 3632
36 21 2818
36 22 2900
36 23 3842
36 24 3488
36 25 3701
36 26 3350
36 27 6636
36 28 6906
36 29 7664
36 30 5377
36 31 3323
36 32 3457
36 33 1740
36 34 3717
36 35 2809
36 36 0
36 37 863
36 38 4726
36 39 10103
36 40 7887
36 41 6776
36 42 6428
36 43 4460
36 44 5788
36 45 5894
36 46 6416
36 47 5148
36 48 5079
36 49 1649
36 50 995
37 0 3507
37 1 3064
37 2 2420
37 3 2912
37 4 2461
37 5 2520
37 6 3857
37 7 3898
37 8 3390
37 9 3054
37 10 5018
37 11 3574
37 12 3154
37 13 2386
37 14 3634
37 15 3751
37 16 3305
37 17 3374
37 18 3759
37 19 3629
37 20 3356
37 21 2542
37 22 2616
37 23 3094
37 24 2733
37 25 2945
37 26 2594
37 27 5887
37 28 6158
37 29 6916
37 30 4628
37 31 3047
37 32 3173
37 33 1457
37 34 2969
37 35 2291
37 36 785
37 37 0
37 38 4216
37 39 9355
37 40 7131
37 41 6028
37 42 5680
37 43 3711
37 44 5033
37 45 5145
37 46 5667
37 47 4399
37 48 4331
37 49 893
37 50 876
38 0 6768
38 1 5795
38 2 6554
38 3 5959
38 4 6418
38 5 6431
38 6 6646
38 7 6878
38 8 6378
38 9 6541
38 10 7183
38 11 6546
38 12 6134
38 13 5359
38 14 6622
38 15 6723
38 16 6293
38 17 6361
38 18 6746
38 19 6905
38 20 7094
38 21 5273
38 22 5531
38 23 6589
38 24 6235
38 25 6447
38 26 6096
38 27 6753
38 28 7066
38 29 6991
38 30 3323
38 31 5778
38 32 5920
38 33 4203
38 34 2504
38 35 1920
38 36 4673
38 37 3675
38 38 0
38 39 9438
38 40 4113
38 41 5884
38 42 4946
38 43 3627
38 44 3735
38 45 3846
38 46 5138
38 47 5446
38 48 4563
38 49 3855
38 50 4188
39 0 10382
39 1 11110
39 2 10191
39 3 9285
39 4 10182
39 5 10467
39 6 9800
39 7 9171
39 8 8043
39 9 7932
39 10 5739
39 11 7987
39 12 9489
39 13 8584
39 14 8915
39 15 9024
39 16 8623
39 17 8654
39 18 9040
39 19 10394
39 20 10860
39 21 10832
39 22 9567
39 23 7421
39 24 8114
39 25 8326
39 26 7975
39 27 5309
39 28 5614
39 29 4234
39 30 6536
39 31 11292
39 32 11175
39 33 10081
39 34 7599
39 35 9930
39 36 10984
39 37 10104
39 38 12001
39 39 0
39 40 8734
39 41 4668
39 42 5046
39 43 7313
39 44 6870
39 45 6130
39 46 5256
39 47 7375
39 48 6388
39 49 9461
39 50 10499
40 0 8396
40 1 8845
40 2 8167
40 3 7586
40 4 8031
40 5 8044
40 6 8273
40 7 8499
40 8 7991
40 9 8169
40 10 5948
40 11 8174
40 12 7755
40 13 6986
40 14 8234
40 15 8351
40 16 7905
40 17 7974
40 18 8359
40 19 8518
40 20 8714
40 21 8440
40 22 7144
40 23 8209
40 24 7848
40 25 8060
40 26 7709
40 27 5518
40 28 5824
40 29 5756
40 30 5295
40 31 8831
40 32 8775
40 33 7332
40 34 4477
40 35 6036
40 36 7935
40 37 7047
40 38 3820
40 39 8730
40 40 0
40 41 4649
40 42 4938
40 43 5599
40 44 5700
40 45 5826
40 46 5042
40 47 7506
40 48 6535
40 49 6404
40 50 7442
41 0 6053
41 1 6782
41 2 5870
41 3 4957
41 4 5861
41 5 6146
41 6 5472
41 7 4850
41 8 3722
41 9 3604
41 10 1410
41 11 3659
41 12 5168
41 13 4256
41 14 4594
41 15 4695
41 16 4302
41 17 4333
41 18 4719
41 19 6073
41 20 6539
41 21 6503
41 22 5246
41 23 3101
41 24 3793
41 25 4005
41 26 3654
41 27 981
41 28 1293
41 29 1424
41 30 1914
41 31 6963
41 32 6854
41 33 5760
41 34 2976
41 35 5308
41 36 6663
41 37 5783
41 38 5220
41 39 3871
41 40 4623
41 41 0
41 42 416
41 43 2691
41 44 2248
41 45 1499
41 46 519
41 47 3046
41 48 2066
41 49 5140
41 50 6178
42 0 5641
42 1 6369
42 2 5458
42 3 4544
42 4 5448
42 5 5733
42 6 5130
42 7 4799
42 8 3671
42 9 3553
42 10 1783
42 11 3608
42 12 4619
42 13 3843
42 14 4543
42 15 4644
42 16 4251
42 17 4282
42 18 4667
42 19 5661
42 20 6127
42 21 6090
42 22 4833
42 23 3049
42 24 3824
42 25 4036
42 26 3685
42 27 1354
42 28 1666
42 29 1797
42 30 1648
42 31 6550
42 32 6441
42 33 5347
42 34 2711
42 35 5042
42 36 6251
42 37 5371
42 38 4954
42 39 4244
42 40 4907
42 41 411
42 42 0
42 43 2425
42 44 1982
42 45 1234
42 46 252
42 47 2634
42 48 1654
42 49 4728
42 50 5766
43 0 5288
43 1 5737
43 2 5066
43 3 4478
43 4 4930
43 5 4943
43 6 5165
43 7 5390
43 8 3614
43 9 3503
43 10 4141
43 11 3558
43 12 4646
43 13 3878
43 14 5133
43 15 5242
43 16 4804
43 17 4873
43 18 5258
43 19 5417
43 20 5606
43 21 5331
43 22 4043
43 23 2992
43 24 3300
43 25 3512
43 26 3161
43 27 3712
43 28 4017
43 29 4115
43 30 1716
43 31 5723
43 32 5674
43 33 4231
43 34 1657
43 35 3004
43 36 4252
43 37 3254
43 38 3643
43 39 6555
43 40 5545
43 41 2770
43 42 2420
43 43 0
43 44 2481
43 45 2528
43 46 2612
43 47 2313
43 48 1323
43 49 3303
43 50 3767
44 0 6401
44 1 6850
44 2 6172
44 3 5592
44 4 6036
44 5 6049
44 6 6279
44 7 6504
44 8 4506
44 9 4403
44 10 3709
44 11 4457
44 12 5760
44 13 4992
44 14 6240
44 15 6356
44 16 5911
44 17 5972
44 18 6365
44 19 6515
44 20 6719
44 21 6445
44 22 5149
44 23 3891
44 24 4184
44 25 4404
44 26 4053
44 27 3280
44 28 3585
44 29 3118
44 30 402
44 31 6836
44 32 6781
44 33 5337
44 34 1464
44 35 3530
44 36 5940
44 37 5052
44 38 3715
44 39 5557
44 40 5137
44 41 2337
44 42 1988
44 43 1588
44 44 0
44 45 452
44 46 2180
44 47 3751
44 48 2762
44 49 4409
44 50 5440
45 0 6517
45 1 6967
45 2 6303
45 3 5708
45 4 6167
45 5 6181
45 6 6395
45 7 5947
45 8 4819
45 9 4701
45 10 2924
45 11 4755
45 12 5884
45 13 5108
45 14 5690
45 15 5792
45 16 5399
45 17 5430
45 18 5815
45 19 6654
45 20 6843
45 21 6561
45 22 5281
45 23 4197
45 24 4972
45 25 5184
45 26 4833
45 27 2494
45 28 2807
45 29 2732
45 30 839
45 31 6953
45 32 6912
45 33 5469
45 34 1902
45 35 3662
45 36 6064
45 37 5184
45 38 3831
45 39 5179
45 40 5527
45 41 1579
45 42 1229
45 43 2527
45 44 452
45 45 0
45 46 1421
45 47 3782
45 48 2802
45 49 4541
45 50 5579
46 0 5676
46 1 6404
46 2 5493
46 3 4579
46 4 5484
46 5 5769
46 6 5166
46 7 4835
46 8 3706
46 9 3588
46 10 1899
46 11 3643
46 12 4654
46 13 3879
46 14 4578
46 15 4679
46 16 4287
46 17 4318
46 18 4703
46 19 5696
46 20 6162
46 21 6126
46 22 4869
46 23 3085
46 24 3859
46 25 4072
46 26 3721
46 27 1470
46 28 1746
46 29 1913
46 30 1996
46 31 6586
46 32 6477
46 33 5383
46 34 3058
46 35 5390
46 36 6286
46 37 5406
46 38 5302
46 39 4360
46 40 5023
46 41 528
46 42 253
46 43 2772
46 44 2330
46 45 1581
46 46 0
46 47 2669
46 48 1689
46 49 4763
46 50 5801
47 0 5303
47 1 5901
47 2 5120
47 3 4206
47 4 5110
47 5 5395
47 6 4700
47 7 4079
47 8 2950
47 9 2832
47 10 1279
47 11 2887
47 12 4397
47 13 3505
47 14 3822
47 15 3923
47 16 3531
47 17 3562
47 18 3947
47 19 5193
47 20 5659
47 21 5752
47 22 4495
47 23 2329
47 24 3021
47 25 3234
47 26 2883
47 27 1488
47 28 1766
47 29 2516
47 30 2858
47 31 6212
47 32 6103
47 33 5009
47 34 3558
47 35 4905
47 36 5913
47 37 5033
47 38 5956
47 39 4963
47 40 8350
47 41 1628
47 42 1281
47 43 2329
47 44 3192
47 45 2443
47 46 1268
47 47 0
47 48 1316
47 49 4390
47 50 5428
48 0 3996
48 1 4725
48 2 3806
48 3 2900
48 4 3796
48 5 4081
48 6 3486
48 7 3373
48 8 3083
48 9 2486
48 10 2268
48 11 3028
48 12 2967
48 13 2199
48 14 3116
48 15 3225
48 16 2824
48 17 2856
48 18 3241
48 19 4009
48 20 4475
48 21 4446
48 22 3181
48 23 2526
48 24 2172
48 25 2384
48 26 2033
48 27 2477
48 28 2748
48 29 3505
48 30 2723
48 31 4906
48 32 4789
48 33 3696
48 34 2244
48 35 3591
48 36 4599
48 37 3719
48 38 4649
48 39 5945
48 40 7036
48 41 2617
48 42 2270
48 43 1344
48 44 2760
48 45 2807
48 46 2257
48 47 989
48 48 0
48 49 3076
48 50 4114
49 0 3114
49 1 2680
49 2 1685
49 3 2326
49 4 1675
49 5 2763
49 6 3013
49 7 3238
49 8 2730
49 9 2393
49 10 4357
49 11 2913
49 12 2494
49 13 1726
49 14 2974
49 15 3090
49 16 2645
49 17 2713
49 18 3099
49 19 3528
49 20 2973
49 21 2158
49 22 1326
49 23 2433
49 24 2072
49 25 2284
49 26 1933
49 27 5227
49 28 5497
49 29 6255
49 30 3968
49 31 2663
49 32 2790
49 33 1073
49 34 2588
49 35 2123
49 36 1742
49 37 894
49 38 4665
49 39 8695
49 40 6470
49 41 5367
49 42 5020
49 43 3330
49 44 4372
49 45 4485
49 46 5007
49 47 3739
49 48 3670
49 49 0
49 50 1250
50 0 3139
50 1 2695
50 2 2052
50 3 2544
50 4 2092
50 5 2152
50 6 3488
50 7 4158
50 8 3708
50 9 3372
50 10 5336
50 11 3892
50 12 3271
50 13 2704
50 14 4484
50 15 4317
50 16 3623
50 17 3684
50 18 4407
50 19 3253
50 20 2988
50 21 2173
50 22 2138
50 23 3412
50 24 3043
50 25 3263
50 26 2912
50 27 6205
50 28 6476
50 29 7234
50 30 4646
50 31 2678
50 32 2805
50 33 1088
50 34 3256
50 35 2364
50 36 851
50 37 918
50 38 4288
50 39 9673
50 40 7148
50 41 6345
50 42 5998
50 43 3998
50 44 5042
50 45 5163
50 46 5985
50 47 4717
50 48 4649
50 49 1211
50 50 0