21
0 0 1000
0 1 0.07574488488593258
0 2 0.07581036049681913
0 3 0.11792800091996745
0 4 0.11229844611801525
0 5 0.11962237093690245
0 6 0.2494192439381921
0 7 0.10428450793620522
0 8 0.04579978038067349
0 9 0.038046370201444316
0 10 0.02586696986924389
0 11 0.08805948592127649
0 12 0.08614457831325303
0 13 0.1606893689423842
0 14 0.07679914070891515
0 15 0.11970313553330375
0 16 0.07144012652447394
0 17 0.19560882758501827
0 18 0.05696333668584745
0 19 0.11247657476367308
0 20 0.2081946755407654
1 0 0.032982162548348355
1 1 1000
1 2 0.03315541221527918
1 3 0.05817061831706184
1 4 0.11393125426815387
1 5 0.03457945895507432
1 6 0.04803071957397294
1 7 0.06553620531622364
1 8 0.021437859077178472
1 9 0.019570188653764864
1 10 0.01575364214949904
1 11 0.027636506726337592
1 12 0.02753805458376134
1 13 0.05396808281216303
1 14 0.026436895057275984
1 15 0.06062257751937984
1 16 0.09211201064006895
1 17 0.050663022573134944
1 18 0.13719441825219145
1 19 0.06303867681143481
1 20 0.045912925914026015
2 0 0.10218456512862394
2 1 0.10404644306378413
2 2 1000
2 3 0.08686335163585775
2 4 0.05410260231152541
2 5 0.17805051583066525
2 6 0.31063464917638445
2 7 0.40989301318197074
2 8 0.04769846564376251
2 9 0.0447914802219438
2 10 0.02633240385121271
2 11 0.08076794737990141
2 12 0.07001958589815332
2 13 0.14124060799232813
2 14 0.04957408874801902
2 15 0.8319999525562856
2 16 0.10320583823432981
2 17 1.2136402545233445
2 18 0.09600195089326646
2 19 1.2078218217575127
2 20 0.09153255303584493
3 0 0.031343171513408194
3 1 0.0603448275862069
3 2 0.031669350379096926
3 3 1000
3 4 0.0974304068522484
3 5 0.03314439252276244
3 6 0.05520691814227548
3 7 0.06433988944594421
3 8 0.02854483329818439
3 9 0.027475981107186756
3 10 0.01920950939387168
3 11 0.03777362624378721
3 12 0.03938808127566346
3 13 0.14210675752413407
3 14 0.029942762231936152
3 15 0.0697560975609756
3 16 0.5537945587289839
3 17 0.07539921663151554
3 18 0.22348284214407088
3 19 0.045352065634195915
3 20 0.027944586995100305
4 0 0.033372904039620795
4 1 0.10949464012251153
4 2 0.04501625614674029
4 3 0.1146620847651775
4 4 1000
4 5 0.04065485353841197
4 6 0.04266726083329885
4 7 0.05617914468514986
4 8 0.024293023040674707
4 9 0.023515108690573282
4 10 0.017187029366605513
4 11 0.030675781997390628
4 12 0.029008919160207532
4 13 0.07598299681190222
4 14 0.024770778618294794
4 15 0.05252938706968934
4 16 0.0947097418861561
4 17 0.047481263637226066
4 18 0.10171775783875935
4 19 0.04751503550257291
4 20 0.03251131419915719
5 0 0.14415322580645162
5 1 0.08040229703759019
5 2 0.23844687946641255
5 3 0.10544704085150301
5 4 0.05772380508472221
5 5 1000
5 6 2.092145647265713
5 7 0.19304317055430142
5 8 0.04348014942229172
5 9 0.041051509186351705
5 10 0.023217516351997033
5 11 0.06341818179171768
5 12 0.063969836400818
5 13 0.19816513742019887
5 14 0.05736389684813754
5 15 0.25361197775331984
5 16 0.10540063672232253
5 17 1.432716564549778
5 18 0.07602414888614989
5 19 0.4941965223734442
5 20 0.15333946078431376
6 0 0.06458069117102126
6 1 10.638398821260138
6 2 0.041696347957043904
6 3 0.4433915435789227
6 4 0.3907046178343946
6 5 0.049701599800025
6 6 1000
6 7 0.2377024027830767
6 8 0.03676332079919976
6 9 0.03159381891506615
6 10 0.02271227545205772
6 11 0.059761194029850744
6 12 0.053879719929982486
6 13 1.32635293560499
6 14 0.05440165923468014
6 15 0.33661604303799975
6 16 0.11607025958807646
6 17 3.649732369570117
6 18 0.08214907114581989
6 19 0.2401631477927064
6 20 0.05586105945173066
7 0 0.03321947282031316
7 1 0.06870281400137268
7 2 0.026014535659577145
7 3 0.08961504028648162
7 4 0.06102914278746494
7 5 0.029760763595389254
7 6 0.06692052385559878
7 7 1000
7 8 0.029282697004771593
7 9 0.025902660394604964
7 10 0.01961161500754613
7 11 0.04219933894988751
7 12 0.032711739992050994
7 13 0.07812987823915081
7 14 0.03953942769267925
7 15 0.24925298804780888
7 16 0.6121146354759355
7 17 0.13784081520242356
7 18 0.19236838410691973
7 19 0.05321432914065482
7 20 0.030748529291822483
8 0 0.048724688473520246
8 1 0.20320956850632008
8 2 0.042774121869925644
8 3 0.22091268942231437
8 4 0.30070432581792256
8 5 0.04164586453652854
8 6 0.18733110665123617
8 7 0.1037879767301888
8 8 1000
8 9 0.4092395748160262
8 10 0.05188141391106044
8 11 0.12485790254890121
8 12 0.07764505119453925
8 13 0.0989349557032321
8 14 0.1209229282435371
8 15 0.0922582261539808
8 16 0.04175491264629368
8 17 0.07247905992912461
8 18 0.04835640500427536
8 19 0.10893714419391304
8 20 0.04360135900339751
9 0 0.03928879817882094
9 1 0.11905448991165551
9 2 0.04053944597440467
9 3 0.3088922714758426
9 4 0.2166784056135165
9 5 0.036171135361711355
9 6 0.11343181977006175
9 7 0.16230459190153532
9 8 0.38678516228748056
9 9 1000
9 10 0.04613753687315634
9 11 0.1775343223371722
9 12 0.06114097239188859
9 13 0.11336544967830932
9 14 0.08513352610988263
9 15 0.13572758845246702
9 16 0.04872994200525385
9 17 0.09674063678076698
9 18 0.058062866939021164
9 19 0.07900811525743766
9 20 0.03786216809138361
10 0 0.02319492075261841
10 1 0.040729106382523805
10 2 0.02218528368794326
10 3 0.06928111356697264
10 4 0.03995192420136405
10 5 0.022071793967189984
10 6 0.040054200890261966
10 7 0.10003333333333334
10 8 0.04773485932284216
10 9 0.04983074472321784
10 10 1000
10 11 0.09506962804473386
10 12 0.030765920826161787
10 13 0.11302901232754652
10 14 0.03584986748800229
10 15 0.11377449529125594
10 16 0.2272085339754401
10 17 0.17197821297179183
10 18 0.9242489982829893
10 19 0.03471425190437241
10 20 0.023496549457771937
11 0 0.026340407693919973
11 1 0.05151138497273713
11 2 0.026896783293378624
11 3 0.10757869519193272
11 4 0.058332268283306565
11 5 0.024901297978387
11 6 0.05044345898004434
11 7 0.20582861162343744
11 8 0.06334272052218631
11 9 0.06710068360940401
11 10 0.03663948033118158
11 11 1000
11 12 0.03655916355642817
11 13 0.26961471843598916
11 14 0.04397253753752702
11 15 0.2738958123199453
11 16 0.10489545289781656
11 17 1.4793836088688628
11 18 0.16079260518972868
11 19 0.042257683215130015
11 20 0.026730130253010277
12 0 0.07559281075366257
12 1 1.0893770241446223
12 2 0.06298766675056634
12 3 0.06484547711951756
12 4 0.18201945595894434
12 5 0.06484000518201838
12 6 1.2532415041080176
12 7 0.12165069998299691
12 8 0.08297413793103449
12 9 0.07173570302422244
12 10 0.032497889747419
12 11 0.2885912836063624
12 12 1000
12 13 0.056499218372059894
12 14 0.10323844884488452
12 15 0.10609421919685029
12 16 0.042352822985734374
12 17 0.09005682182968648
12 18 0.05188553118599386
12 19 0.29929697402254074
12 20 0.0584764575300853
13 0 0.029219320667491316
13 1 0.04968728283530229
13 2 0.027118181715351148
13 3 0.17906976744186037
13 4 0.06429856115107915
13 5 0.02745635785179291
13 6 0.04944113733477614
13 7 0.07184898076370944
13 8 0.03353454240960352
13 9 0.03153128664321501
13 10 0.02059073608399609
13 11 0.04701032361923452
13 12 0.03839161280410514
13 13 1000
13 14 0.03147759132906548
13 15 0.0786702294875825
13 16 0.383277080449401
13 17 0.10268773081657778
13 18 0.3509550139941291
13 19 0.04104294662022067
13 20 0.02624535092452229
14 0 0.07443486020226055
14 1 0.46003769857059423
14 2 0.04596803820720059
14 3 0.11316064645642998
14 4 2.9240274780620052
14 5 0.05909090909090909
14 6 0.5695973823441967
14 7 0.06004390497760772
14 8 0.1136208853575482
14 9 0.07545605306799337
14 10 0.039019256256334296
14 11 0.5946505422533935
14 12 0.15093486127864902
14 13 0.0892880639144486
14 14 1000
14 15 0.05620384380955856
14 16 0.03730255412837296
14 17 0.05561503267434519
14 18 0.03608399504972141
14 19 0.47900992973621265
14 20 0.06310679611650485
15 0 0.030196239503468416
15 1 0.056946182728410503
15 2 0.024126589835006578
15 3 0.07968476357267952
15 4 0.0515713549716641
15 5 0.02731380624572856
15 6 0.05569296650992755
15 7 0.3323373173970783
15 8 0.03319293465021047
15 9 0.028911546770023094
15 10 0.021286423678284615
15 11 0.050802493580476796
15 12 0.03579029107424164
15 13 0.09821428571428571
15 14 0.04745404036102402
15 15 1000
15 16 0.17728360377437108
15 17 0.30818965517241403
15 18 0.10976217441800458
15 19 0.045872005247005236
15 20 0.028142890485619007
16 0 0.02077240026304487
16 1 0.03304164857444678
16 2 0.0199754150268916
16 3 0.05324834149033329
16 4 0.03477783080374777
16 5 0.019864972833186993
16 6 0.032636822454691815
16 7 0.06369035487012252
16 8 0.026148258417266763
16 9 0.023402935252592856
16 10 0.01813586044980197
16 11 0.035937687214904576
16 12 0.02735141103978469
16 13 0.06283233585510069
16 14 0.029976335354828212
16 15 0.06901517511955962
16 16 1000
16 17 0.0790725241224909
16 18 0.21471471471471473
16 19 0.02899376649300783
16 20 0.020738742271096653
17 0 0.028796558873988493
17 1 0.052173459814448035
17 2 0.024230635263600555
17 3 0.10026041666666664
17 4 0.05014527602444644
17 5 0.026164305383155704
17 6 0.051114121241565925
17 7 0.21666666666666679
17 8 0.03510357774474994
17 9 0.030346719123040235
17 10 0.02205412685531096
17 11 0.05540891196397347
17 12 0.03801753565011235
17 13 0.14055040718899187
17 14 0.04475502708782229
17 15 0.29337631887456045
17 16 0.11403248814985247
17 17 1000
17 18 0.15503349669214578
17 19 0.042721921059238555
17 20 0.02692389730017638
18 0 0.02276120650574268
18 1 0.03520358542776991
18 2 0.019128612322791713
18 3 0.04599857192078213
18 4 0.03307222270731384
18 5 0.021081238734568828
18 6 0.03475319731033996
18 7 0.07228281945358052
18 8 0.02546482698382236
18 9 0.022856227551009866
18 10 0.017806987444368493
18 11 0.034663694150345745
18 12 0.02697913112979264
18 13 0.051626105062138626
18 14 0.034293458380264596
18 15 0.07926293158545909
18 16 0.2803921568627451
18 17 0.08062370849033784
18 18 1000
18 19 0.030648487299807105
18 20 0.021572510558619265
19 0 0.06319833223086514
19 1 4.098458273855631
19 2 0.03800316422937641
19 3 2.604262968669746
19 4 0.2044825221837076
19 5 0.040201895208877965
19 6 0.20197740112994353
19 7 1.5874083108874932
19 8 0.03249027430367185
19 9 0.02838583822546046
19 10 0.02100586353846824
19 11 0.049237579931136255
19 12 0.048899623662592505
19 13 0.3782939149170993
19 14 0.04553373304552261
19 15 1.6448311105818831
19 16 0.19840084830411567
19 17 0.2595428611326557
19 18 0.11620485771399754
19 19 1000
19 20 0.054819354436984595
20 0 0.16784037558685447
20 1 0.05734514806558721
20 2 0.08568738229755177
20 3 0.21076930710208377
20 4 0.09594505827396253
20 5 0.1462167689161554
20 6 0.8636709549609934
20 7 0.14835539008813395
20 8 0.04050991501416431
20 9 0.03432313811548485
20 10 0.024090296495956873
20 11 0.07038457019445511
20 12 0.069629938786867
20 13 0.28824493410810154
20 14 0.06300352467270898
20 15 0.18168904492012453
20 16 0.08969093032266816
20 17 0.4425342458919892
20 18 0.06797257381756412
20 19 0.1638697670911167
20 20 1000